7.22346e-05  0.00010162
0.00036376  0.000199365
0.000354892  0.000268483
0.000345597  0.000317921
0.000326495  0.000352838
0.000319219  0.000378131
0.000325568  0.000397428
0.000337957  0.000412959
0.000348854  0.000425903
0.000355404  0.000436914
0.000358832  0.000446482
0.000361643  0.000455042
0.000365258  0.000462942
0.000369534  0.000470403
0.00037367  0.000477534
0.000377147  0.000484384
0.000379999  0.000490986
0.000382533  0.000497372
0.000384977  0.000503571
0.000387343  0.000509603
0.000389517  0.000515476
0.000391392  0.000521191
0.000392944  0.000526747
0.000394204  0.000532145
0.000395213  0.000537388
0.000395985  0.000542477
0.000396511  0.000547412
0.000396775  0.000552195
0.000396764  0.000556824
0.00039648  0.000561301
0.000395928  0.000565626
0.000395113  0.0005698
0.000394036  0.000573823
0.000392697  0.000577699
0.000391097  0.000581426
0.000389235  0.000585009
0.000387114  0.000588447
0.000384738  0.000591743
0.00038211  0.0005949
0.000379233  0.00059792
0.00037611  0.000600805
0.000372746  0.000603559
0.000369145  0.000606183
0.00036531  0.000608682
0.000361248  0.000611058
0.000356963  0.000613316
0.000352461  0.000615457
0.000347748  0.000617488
0.00034283  0.00061941
0.000337712  0.000621228
0.000332402  0.000622947
0.000326907  0.00062457
0.000321233  0.000626102
0.000315387  0.000627548
0.000309379  0.000628911
