(0,0) 3.55023
(0,1) 0.725658
(0,2) 0.730547
(0,3) -0.159722
(0,4) 0.166667
(0,5) 0
(0,6) 0.0833333
(0,7) 0
(0,8) 0.166667
(0,9) 0.0833333
(0,10) 0
(0,11) 0
(1,0) 0.392324
(1,1) 3.20306
(1,2) -0.326389
(1,3) 0.557391
(1,4) -1.08695
(1,5) -0.166667
(1,6) -0.543502
(1,7) -0.0833333
(1,8) 0.0833333
(1,9) 0.166667
(1,10) 0
(1,11) 0
(2,0) 0.397214
(2,1) -0.326389
(2,2) 3.2243
(2,3) 0.559611
(2,4) 0.0833333
(2,5) 0
(2,6) 0.166667
(2,7) 0
(2,8) -1.0936
(2,9) -0.545722
(2,10) -0.166667
(2,11) -0.0833333
(3,0) -0.493056
(3,1) 0.224058
(3,2) 0.226278
(3,3) 2.87079
(3,4) -0.543502
(3,5) -0.0833333
(3,6) -1.08706
(3,7) -0.166667
(3,8) -0.545722
(3,9) -1.08929
(3,10) -0.0833333
(3,11) -0.166667
(4,0) -0.166667
(4,1) -1.08695
(4,2) -0.0833333
(4,3) -0.543502
(4,4) 3.21761
(4,5) 0.563619
(4,6) 0.557391
(4,7) -0.243056
(4,12) 0.166667
(4,13) 0.0833333
(4,14) 0
(4,15) 0
(4,16) 0.166667
(4,17) 0
(4,18) 0.0833333
(4,19) 0
(5,0) 0
(5,1) 0.166667
(5,2) 0
(5,3) 0.0833333
(5,4) 0.563619
(5,5) 3.19322
(5,6) -0.243056
(5,7) 0.548724
(5,12) 0.0833333
(5,13) 0.166667
(5,14) 0
(5,15) 0
(5,16) -1.0694
(5,17) -0.166667
(5,18) -0.534835
(5,19) -0.0833333
(6,0) -0.0833333
(6,1) -0.543502
(6,2) -0.166667
(6,3) -1.08706
(6,4) 0.224058
(6,5) -0.409722
(6,6) 2.8644
(6,7) 0.386554
(6,12) -1.08289
(6,13) -0.539332
(6,14) -0.166667
(6,15) -0.0833333
(6,16) 0.0833333
(6,17) 0
(6,18) 0.166667
(6,19) 0
(7,0) 0
(7,1) 0.0833333
(7,2) 0
(7,3) 0.166667
(7,4) -0.409722
(7,5) 0.215391
(7,6) 0.386554
(7,7) 2.83882
(7,12) -0.539332
(7,13) -1.07444
(7,14) -0.0833333
(7,15) -0.166667
(7,16) -0.534835
(7,17) -0.0833333
(7,18) -1.06994
(7,19) -0.166667
(8,0) -0.166667
(8,1) -0.0833333
(8,2) -1.0936
(8,3) -0.545722
(8,8) 3.23067
(8,9) 0.559611
(8,10) 0.569838
(8,11) -0.243056
(8,12) 0.166667
(8,13) 0
(8,14) 0.0833333
(8,15) 0
(8,32) 0.166667
(8,33) 0.0833333
(8,34) 0
(8,35) 0
(9,0) -0.0833333
(9,1) -0.166667
(9,2) -0.545722
(9,3) -1.08929
(9,8) 0.226278
(9,9) 2.87102
(9,10) -0.409722
(9,11) 0.390956
(9,12) -1.08729
(9,13) -0.166667
(9,14) -0.543734
(9,15) -0.0833333
(9,32) 0.0833333
(9,33) 0.166667
(9,34) 0
(9,35) 0
(10,0) 0
(10,1) 0
(10,2) 0.166667
(10,3) 0.0833333
(10,8) 0.569838
(10,9) -0.243056
(10,10) 3.23596
(10,11) 0.55975
(10,12) 0.0833333
(10,13) 0
(10,14) 0.166667
(10,15) 0
(10,32) -1.09367
(10,33) -0.545861
(10,34) -0.166667
(10,35) -0.0833333
(11,0) 0
(11,1) 0
(11,2) 0.0833333
(11,3) 0.166667
(11,8) -0.409722
(11,9) 0.390956
(11,10) 0.226417
(11,11) 2.87186
(11,12) -0.543734
(11,13) -0.0833333
(11,14) -1.08764
(11,15) -0.166667
(11,32) -0.545861
(11,33) -1.08977
(11,34) -0.0833333
(11,35) -0.166667
(12,4) -0.166667
(12,5) -0.0833333
(12,6) -1.08289
(12,7) -0.539332
(12,8) -0.166667
(12,9) -1.08729
(12,10) -0.0833333
(12,11) -0.543734
(12,12) 2.86463
(12,13) 0.386554
(12,14) 0.390956
(12,15) -0.326389
(12,24) 0.166667
(12,25) 0
(12,26) 0.0833333
(12,27) 0
(12,36) 0.166667
(12,37) 0.0833333
(12,38) 0
(12,39) 0
(13,4) -0.0833333
(13,5) -0.166667
(13,6) -0.539332
(13,7) -1.07444
(13,8) 0
(13,9) 0.166667
(13,10) 0
(13,11) 0.0833333
(13,12) 0.386554
(13,13) 2.83988
(13,14) -0.326389
(13,15) 0.383123
(13,24) -1.071
(13,25) -0.166667
(13,26) -0.5359
(13,27) -0.0833333
(13,36) 0.0833333
(13,37) 0.166667
(13,38) 0
(13,39) 0
(14,4) 0
(14,5) 0
(14,6) 0.166667
(14,7) 0.0833333
(14,8) -0.0833333
(14,9) -0.543734
(14,10) -0.166667
(14,11) -1.08764
(14,12) 0.390956
(14,13) -0.326389
(14,14) 2.8663
(14,15) 0.387527
(14,24) 0.0833333
(14,25) 0
(14,26) 0.166667
(14,27) 0
(14,36) -1.08421
(14,37) -0.540305
(14,38) -0.166667
(14,39) -0.0833333
(15,4) 0
(15,5) 0
(15,6) 0.0833333
(15,7) 0.166667
(15,8) 0
(15,9) 0.0833333
(15,10) 0
(15,11) 0.166667
(15,12) -0.326389
(15,13) 0.383123
(15,14) 0.387527
(15,15) 2.84405
(15,24) -0.5359
(15,25) -0.0833333
(15,26) -1.0726
(15,27) -0.166667
(15,36) -0.540305
(15,37) -1.07701
(15,38) -0.0833333
(15,39) -0.166667
(16,4) -0.166667
(16,5) -1.0694
(16,6) -0.0833333
(16,7) -0.534835
(16,16) 3.22564
(16,17) 0.575583
(16,18) 0.548724
(16,19) -0.243056
(16,20) 0.166667
(16,21) 0
(16,22) 0.0833333
(16,23) 0
(16,24) 0.166667
(16,25) 0.0833333
(16,26) 0
(16,27) 0
(17,4) 0
(17,5) 0.166667
(17,6) 0
(17,7) 0.0833333
(17,16) 0.575583
(17,17) 3.18955
(17,18) -0.243056
(17,19) 0.535919
(17,20) -1.04345
(17,21) -0.166667
(17,22) -0.52203
(17,23) -0.0833333
(17,24) 0.0833333
(17,25) 0.166667
(17,26) 0
(17,27) 0
(18,4) -0.0833333
(18,5) -0.534835
(18,6) -0.166667
(18,7) -1.06994
(18,16) 0.215391
(18,17) -0.409722
(18,18) 2.82835
(18,19) 0.376096
(18,20) 0.0833333
(18,21) 0
(18,22) 0.166667
(18,23) 0
(18,24) -1.06397
(18,25) -0.528874
(18,26) -0.166667
(18,27) -0.0833333
(19,4) 0
(19,5) 0.0833333
(19,6) 0
(19,7) 0.166667
(19,16) -0.409722
(19,17) 0.202586
(19,18) 0.376096
(19,19) 2.79064
(19,20) -0.52203
(19,21) -0.0833333
(19,22) -1.04467
(19,23) -0.166667
(19,24) -0.528874
(19,25) -1.05152
(19,26) -0.0833333
(19,27) -0.166667
(20,16) -0.166667
(20,17) -1.04345
(20,18) -0.0833333
(20,19) -0.52203
(20,20) 3.23796
(20,21) 0.593858
(20,22) 0.535919
(20,23) -0.243056
(20,28) 0.166667
(20,29) 0.0833333
(20,30) 0
(20,31) 0
(20,64) 0.166667
(20,65) 0
(20,66) 0.0833333
(20,67) 0
(21,16) 0
(21,17) 0.166667
(21,18) 0
(21,19) 0.0833333
(21,20) 0.593858
(21,21) 3.19041
(21,22) -0.243056
(21,23) 0.519181
(21,28) 0.0833333
(21,29) 0.166667
(21,30) 0
(21,31) 0
(21,64) -1.00948
(21,65) -0.166667
(21,66) -0.505292
(21,67) -0.0833333
(22,16) -0.0833333
(22,17) -0.52203
(22,18) -0.166667
(22,19) -1.04467
(22,20) 0.202586
(22,21) -0.409722
(22,22) 2.77627
(22,23) 0.361741
(22,28) -1.03716
(22,29) -0.514519
(22,30) -0.166667
(22,31) -0.0833333
(22,64) 0.0833333
(22,65) 0
(22,66) 0.166667
(22,67) 0
(23,16) 0
(23,17) 0.0833333
(23,18) 0
(23,19) 0.166667
(23,20) -0.409722
(23,21) 0.185848
(23,22) 0.361741
(23,23) 2.72705
(23,28) -0.514519
(23,29) -1.02092
(23,30) -0.0833333
(23,31) -0.166667
(23,64) -0.505292
(23,65) -0.0833333
(23,66) -1.01168
(23,67) -0.166667
(24,12) -0.166667
(24,13) -1.071
(24,14) -0.0833333
(24,15) -0.5359
(24,16) -0.166667
(24,17) -0.0833333
(24,18) -1.06397
(24,19) -0.528874
(24,24) 2.82942
(24,25) 0.376096
(24,26) 0.383123
(24,27) -0.326389
(24,28) 0.166667
(24,29) 0
(24,30) 0.0833333
(24,31) 0
(24,48) 0.166667
(24,49) 0.0833333
(24,50) 0
(24,51) 0
(25,12) 0
(25,13) 0.166667
(25,14) 0
(25,15) 0.0833333
(25,16) -0.0833333
(25,17) -0.166667
(25,18) -0.528874
(25,19) -1.05152
(25,24) 0.376096
(25,25) 2.7931
(25,26) -0.326389
(25,27) 0.371707
(25,28) -1.04713
(25,29) -0.166667
(25,30) -0.524485
(25,31) -0.0833333
(25,48) 0.0833333
(25,49) 0.166667
(25,50) 0
(25,51) 0
(26,12) -0.0833333
(26,13) -0.5359
(26,14) -0.166667
(26,15) -1.0726
(26,16) 0
(26,17) 0
(26,18) 0.166667
(26,19) 0.0833333
(26,24) 0.383123
(26,25) -0.326389
(26,26) 2.83525
(26,27) 0.378736
(26,28) 0.0833333
(26,29) 0
(26,30) 0.166667
(26,31) 0
(26,48) -1.06821
(26,49) -0.531513
(26,50) -0.166667
(26,51) -0.0833333
(27,12) 0
(27,13) 0.0833333
(27,14) 0
(27,15) 0.166667
(27,16) 0
(27,17) 0
(27,18) 0.0833333
(27,19) 0.166667
(27,24) -0.326389
(27,25) 0.371707
(27,26) 0.378736
(27,27) 2.8031
(27,28) -0.524485
(27,29) -0.0833333
(27,30) -1.05081
(27,31) -0.166667
(27,48) -0.531513
(27,49) -1.05785
(27,50) -0.0833333
(27,51) -0.166667
(28,20) -0.166667
(28,21) -0.0833333
(28,22) -1.03716
(28,23) -0.514519
(28,24) -0.166667
(28,25) -1.04713
(28,26) -0.0833333
(28,27) -0.524485
(28,28) 2.77873
(28,29) 0.361741
(28,30) 0.371707
(28,31) -0.326389
(28,52) 0.166667
(28,53) 0.0833333
(28,54) 0
(28,55) 0
(28,72) 0.166667
(28,73) 0
(28,74) 0.0833333
(28,75) 0
(29,20) -0.0833333
(29,21) -0.166667
(29,22) -0.514519
(29,23) -1.02092
(29,24) 0
(29,25) 0.166667
(29,26) 0
(29,27) 0.0833333
(29,28) 0.361741
(29,29) 2.73145
(29,30) -0.326389
(29,31) 0.356914
(29,52) 0.0833333
(29,53) 0.166667
(29,54) 0
(29,55) 0
(29,72) -1.01608
(29,73) -0.166667
(29,74) -0.509691
(29,75) -0.0833333
(30,20) 0
(30,21) 0
(30,22) 0.166667
(30,23) 0.0833333
(30,24) -0.0833333
(30,25) -0.524485
(30,26) -0.166667
(30,27) -1.05081
(30,28) 0.371707
(30,29) -0.326389
(30,30) 2.79123
(30,31) 0.366881
(30,52) -1.04598
(30,53) -0.519659
(30,54) -0.166667
(30,55) -0.0833333
(30,72) 0.0833333
(30,73) 0
(30,74) 0.166667
(30,75) 0
(31,20) 0
(31,21) 0
(31,22) 0.0833333
(31,23) 0.166667
(31,24) 0
(31,25) 0.0833333
(31,26) 0
(31,27) 0.166667
(31,28) -0.326389
(31,29) 0.356914
(31,30) 0.366881
(31,31) 2.74978
(31,52) -0.519659
(31,53) -1.03266
(31,54) -0.0833333
(31,55) -0.166667
(31,72) -0.509691
(31,73) -0.0833333
(31,74) -1.02268
(31,75) -0.166667
(32,8) -0.166667
(32,9) -0.0833333
(32,10) -1.09367
(32,11) -0.545861
(32,32) 3.24628
(32,33) 0.55975
(32,34) 0.577557
(32,35) -0.243056
(32,36) 0.166667
(32,37) 0
(32,38) 0.0833333
(32,39) 0
(32,40) 0.166667
(32,41) 0.0833333
(32,42) 0
(32,43) 0
(33,8) -0.0833333
(33,9) -0.166667
(33,10) -0.545861
(33,11) -1.08977
(33,32) 0.226417
(33,33) 2.87232
(33,34) -0.409722
(33,35) 0.391419
(33,36) -1.08811
(33,37) -0.166667
(33,38) -0.544197
(33,39) -0.0833333
(33,40) 0.0833333
(33,41) 0.166667
(33,42) 0
(33,43) 0
(34,8) 0
(34,9) 0
(34,10) 0.166667
(34,11) 0.0833333
(34,32) 0.577557
(34,33) -0.243056
(34,34) 3.25141
(34,35) 0.559982
(34,36) 0.0833333
(34,37) 0
(34,38) 0.166667
(34,39) 0
(34,40) -1.09379
(34,41) -0.546093
(34,42) -0.166667
(34,43) -0.0833333
(35,8) 0
(35,9) 0
(35,10) 0.0833333
(35,11) 0.166667
(35,32) -0.409722
(35,33) 0.391419
(35,34) 0.226648
(35,35) 2.87371
(35,36) -0.544197
(35,37) -0.0833333
(35,38) -1.08868
(35,39) -0.166667
(35,40) -0.546093
(35,41) -1.09058
(35,42) -0.0833333
(35,43) -0.166667
(36,12) -0.166667
(36,13) -0.0833333
(36,14) -1.08421
(36,15) -0.540305
(36,32) -0.166667
(36,33) -1.08811
(36,34) -0.0833333
(36,35) -0.544197
(36,36) 2.86676
(36,37) 0.387527
(36,38) 0.391419
(36,39) -0.326389
(36,44) 0.166667
(36,45) 0.0833333
(36,46) 0
(36,47) 0
(36,48) 0.166667
(36,49) 0
(36,50) 0.0833333
(36,51) 0
(37,12) -0.0833333
(37,13) -0.166667
(37,14) -0.540305
(37,15) -1.07701
(37,32) 0
(37,33) 0.166667
(37,34) 0
(37,35) 0.0833333
(37,36) 0.387527
(37,37) 2.84618
(37,38) -0.326389
(37,39) 0.385253
(37,44) 0.0833333
(37,45) 0.166667
(37,46) 0
(37,47) 0
(37,48) -1.07473
(37,49) -0.166667
(37,50) -0.538031
(37,51) -0.0833333
(38,12) 0
(38,13) 0
(38,14) 0.166667
(38,15) 0.0833333
(38,32) -0.0833333
(38,33) -0.544197
(38,34) -0.166667
(38,35) -1.08868
(38,36) 0.391419
(38,37) -0.326389
(38,38) 2.86954
(38,39) 0.389148
(38,44) -1.08641
(38,45) -0.541926
(38,46) -0.166667
(38,47) -0.0833333
(38,48) 0.0833333
(38,49) 0
(38,50) 0.166667
(38,51) 0
(39,12) 0
(39,13) 0
(39,14) 0.0833333
(39,15) 0.166667
(39,32) 0
(39,33) 0.0833333
(39,34) 0
(39,35) 0.166667
(39,36) -0.326389
(39,37) 0.385253
(39,38) 0.389148
(39,39) 2.85313
(39,44) -0.541926
(39,45) -1.08129
(39,46) -0.0833333
(39,47) -0.166667
(39,48) -0.538031
(39,49) -0.0833333
(39,50) -1.07739
(39,51) -0.166667
(40,32) -0.166667
(40,33) -0.0833333
(40,34) -1.09379
(40,35) -0.546093
(40,40) 3.27219
(40,41) 0.559982
(40,42) 0.590391
(40,43) -0.243056
(40,44) 0.166667
(40,45) 0
(40,46) 0.0833333
(40,47) 0
(40,128) 0.166667
(40,129) 0.0833333
(40,130) 0
(40,131) 0
(41,32) -0.0833333
(41,33) -0.166667
(41,34) -0.546093
(41,35) -1.09058
(41,40) 0.226648
(41,41) 2.87441
(41,42) -0.409722
(41,43) 0.392114
(41,44) -1.08938
(41,45) -0.166667
(41,46) -0.544892
(41,47) -0.0833333
(41,128) 0.0833333
(41,129) 0.166667
(41,130) 0
(41,131) 0
(42,32) 0
(42,33) 0
(42,34) 0.166667
(42,35) 0.0833333
(42,40) 0.590391
(42,41) -0.243056
(42,42) 3.27712
(42,43) 0.560306
(42,44) 0.0833333
(42,45) 0
(42,46) 0.166667
(42,47) 0
(42,128) -1.09395
(42,129) -0.546417
(42,130) -0.166667
(42,131) -0.0833333
(43,32) 0
(43,33) 0
(43,34) 0.0833333
(43,35) 0.166667
(43,40) -0.409722
(43,41) 0.392114
(43,42) 0.226973
(43,43) 2.87635
(43,44) -0.544892
(43,45) -0.0833333
(43,46) -1.09019
(43,47) -0.166667
(43,128) -0.546417
(43,129) -1.09172
(43,130) -0.0833333
(43,131) -0.166667
(44,36) -0.166667
(44,37) -0.0833333
(44,38) -1.08641
(44,39) -0.541926
(44,40) -0.166667
(44,41) -1.08938
(44,42) -0.0833333
(44,43) -0.544892
(44,44) 2.87023
(44,45) 0.389148
(44,46) 0.392114
(44,47) -0.326389
(44,56) 0.166667
(44,57) 0
(44,58) 0.0833333
(44,59) 0
(44,132) 0.166667
(44,133) 0.0833333
(44,134) 0
(44,135) 0
(45,36) -0.0833333
(45,37) -0.166667
(45,38) -0.541926
(45,39) -1.08129
(45,40) 0
(45,41) 0.166667
(45,42) 0
(45,43) 0.0833333
(45,44) 0.389148
(45,45) 2.85633
(45,46) -0.326389
(45,47) 0.388449
(45,56) -1.08059
(45,57) -0.166667
(45,58) -0.541227
(45,59) -0.0833333
(45,132) 0.0833333
(45,133) 0.166667
(45,134) 0
(45,135) 0
(46,36) 0
(46,37) 0
(46,38) 0.166667
(46,39) 0.0833333
(46,40) -0.0833333
(46,41) -0.544892
(46,42) -0.166667
(46,43) -1.09019
(46,44) 0.392114
(46,45) -0.326389
(46,46) 2.87412
(46,47) 0.391417
(46,56) 0.0833333
(46,57) 0
(46,58) 0.166667
(46,59) 0
(46,132) -1.08949
(46,133) -0.544195
(46,134) -0.166667
(46,135) -0.0833333
(47,36) 0
(47,37) 0
(47,38) 0.0833333
(47,39) 0.166667
(47,40) 0
(47,41) 0.0833333
(47,42) 0
(47,43) 0.166667
(47,44) -0.326389
(47,45) 0.388449
(47,46) 0.391417
(47,47) 2.86605
(47,56) -0.541227
(47,57) -0.0833333
(47,58) -1.08432
(47,59) -0.166667
(47,132) -0.544195
(47,133) -1.08729
(47,134) -0.0833333
(47,135) -0.166667
(48,24) -0.166667
(48,25) -0.0833333
(48,26) -1.06821
(48,27) -0.531513
(48,36) -0.166667
(48,37) -1.07473
(48,38) -0.0833333
(48,39) -0.538031
(48,48) 2.83738
(48,49) 0.378736
(48,50) 0.385253
(48,51) -0.326389
(48,52) 0.166667
(48,53) 0
(48,54) 0.0833333
(48,55) 0
(48,56) 0.166667
(48,57) 0.0833333
(48,58) 0
(48,59) 0
(49,24) -0.0833333
(49,25) -0.166667
(49,26) -0.531513
(49,27) -1.05785
(49,36) 0
(49,37) 0.166667
(49,38) 0
(49,39) 0.0833333
(49,48) 0.378736
(49,49) 2.80801
(49,50) -0.326389
(49,51) 0.376616
(49,52) -1.05572
(49,53) -0.166667
(49,54) -0.529394
(49,55) -0.0833333
(49,56) 0.0833333
(49,57) 0.166667
(49,58) 0
(49,59) 0
(50,24) 0
(50,25) 0
(50,26) 0.166667
(50,27) 0.0833333
(50,36) -0.0833333
(50,37) -0.538031
(50,38) -0.166667
(50,39) -1.07739
(50,48) 0.385253
(50,49) -0.326389
(50,50) 2.84711
(50,51) 0.383136
(50,52) 0.0833333
(50,53) 0
(50,54) 0.166667
(50,55) 0
(50,56) -1.07527
(50,57) -0.535913
(50,58) -0.166667
(50,59) -0.0833333
(51,24) 0
(51,25) 0
(51,26) 0.0833333
(51,27) 0.166667
(51,36) 0
(51,37) 0.0833333
(51,38) 0
(51,39) 0.166667
(51,48) -0.326389
(51,49) 0.376616
(51,50) 0.383136
(51,51) 2.82468
(51,52) -0.529394
(51,53) -0.0833333
(51,54) -1.06186
(51,55) -0.166667
(51,56) -0.535913
(51,57) -1.06838
(51,58) -0.0833333
(51,59) -0.166667
(52,28) -0.166667
(52,29) -0.0833333
(52,30) -1.04598
(52,31) -0.519659
(52,48) -0.166667
(52,49) -1.05572
(52,50) -0.0833333
(52,51) -0.529394
(52,52) 2.79614
(52,53) 0.366881
(52,54) 0.376616
(52,55) -0.326389
(52,60) 0.166667
(52,61) 0.0833333
(52,62) 0
(52,63) 0
(52,96) 0.166667
(52,97) 0
(52,98) 0.0833333
(52,99) 0
(53,28) -0.0833333
(53,29) -0.166667
(53,30) -0.519659
(53,31) -1.03266
(53,48) 0
(53,49) 0.166667
(53,50) 0
(53,51) 0.0833333
(53,52) 0.366881
(53,53) 2.75858
(53,54) -0.326389
(53,55) 0.365713
(53,60) 0.0833333
(53,61) 0.166667
(53,62) 0
(53,63) 0
(53,96) -1.03148
(53,97) -0.166667
(53,98) -0.51849
(53,99) -0.0833333
(54,28) 0
(54,29) 0
(54,30) 0.166667
(54,31) 0.0833333
(54,48) -0.0833333
(54,49) -0.529394
(54,50) -0.166667
(54,51) -1.06186
(54,52) 0.376616
(54,53) -0.326389
(54,54) 2.81698
(54,55) 0.375449
(54,60) -1.06068
(54,61) -0.528227
(54,62) -0.166667
(54,63) -0.0833333
(54,96) 0.0833333
(54,97) 0
(54,98) 0.166667
(54,99) 0
(55,28) 0
(55,29) 0
(55,30) 0.0833333
(55,31) 0.166667
(55,48) 0
(55,49) 0.0833333
(55,50) 0
(55,51) 0.166667
(55,52) -0.326389
(55,53) 0.365713
(55,54) 0.375449
(55,55) 2.78915
(55,60) -0.528227
(55,61) -1.05223
(55,62) -0.0833333
(55,63) -0.166667
(55,96) -0.51849
(55,97) -0.0833333
(55,98) -1.04248
(55,99) -0.166667
(56,44) -0.166667
(56,45) -1.08059
(56,46) -0.0833333
(56,47) -0.541227
(56,48) -0.166667
(56,49) -0.0833333
(56,50) -1.07527
(56,51) -0.535913
(56,56) 2.85031
(56,57) 0.383136
(56,58) 0.388449
(56,59) -0.326389
(56,60) 0.166667
(56,61) 0
(56,62) 0.0833333
(56,63) 0
(56,144) 0.166667
(56,145) 0.0833333
(56,146) 0
(56,147) 0
(57,44) 0
(57,45) 0.166667
(57,46) 0
(57,47) 0.0833333
(57,48) -0.0833333
(57,49) -0.166667
(57,50) -0.535913
(57,51) -1.06838
(57,56) 0.383136
(57,57) 2.83205
(57,58) -0.326389
(57,59) 0.383981
(57,60) -1.06922
(57,61) -0.166667
(57,62) -0.536758
(57,63) -0.0833333
(57,144) 0.0833333
(57,145) 0.166667
(57,146) 0
(57,147) 0
(58,44) -0.0833333
(58,45) -0.541227
(58,46) -0.166667
(58,47) -1.08432
(58,48) 0
(58,49) 0
(58,50) 0.166667
(58,51) 0.0833333
(58,56) 0.388449
(58,57) -0.326389
(58,58) 2.86392
(58,59) 0.389296
(58,60) 0.0833333
(58,61) 0
(58,62) 0.166667
(58,63) 0
(58,144) -1.08516
(58,145) -0.542074
(58,146) -0.166667
(58,147) -0.0833333
(59,44) 0
(59,45) 0.0833333
(59,46) 0
(59,47) 0.166667
(59,48) 0
(59,49) 0
(59,50) 0.0833333
(59,51) 0.166667
(59,56) -0.326389
(59,57) 0.383981
(59,58) 0.389296
(59,59) 2.85539
(59,60) -0.536758
(59,61) -0.0833333
(59,62) -1.07781
(59,63) -0.166667
(59,144) -0.542074
(59,145) -1.08313
(59,146) -0.0833333
(59,147) -0.166667
(60,52) -0.166667
(60,53) -0.0833333
(60,54) -1.06068
(60,55) -0.528227
(60,56) -0.166667
(60,57) -1.06922
(60,58) -0.0833333
(60,59) -0.536758
(60,60) 2.82435
(60,61) 0.375449
(60,62) 0.383981
(60,63) -0.326389
(60,104) 0.166667
(60,105) 0
(60,106) 0.0833333
(60,107) 0
(60,148) 0.166667
(60,149) 0.0833333
(60,150) 0
(60,151) 0
(61,52) -0.0833333
(61,53) -0.166667
(61,54) -0.528227
(61,55) -1.05223
(61,56) 0
(61,57) 0.166667
(61,58) 0
(61,59) 0.0833333
(61,60) 0.375449
(61,61) 2.80235
(61,62) -0.326389
(61,63) 0.378912
(61,104) -1.05568
(61,105) -0.166667
(61,106) -0.53169
(61,107) -0.0833333
(61,148) 0.0833333
(61,149) 0.166667
(61,150) 0
(61,151) 0
(62,52) 0
(62,53) 0
(62,54) 0.166667
(62,55) 0.0833333
(62,56) -0.0833333
(62,57) -0.536758
(62,58) -0.166667
(62,59) -1.07781
(62,60) 0.383981
(62,61) -0.326389
(62,62) 2.85353
(62,63) 0.387445
(62,104) 0.0833333
(62,105) 0
(62,106) 0.166667
(62,107) 0
(62,148) -1.08127
(62,149) -0.540223
(62,150) -0.166667
(62,151) -0.0833333
(63,52) 0
(63,53) 0
(63,54) 0.0833333
(63,55) 0.166667
(63,56) 0
(63,57) 0.0833333
(63,58) 0
(63,59) 0.166667
(63,60) -0.326389
(63,61) 0.378912
(63,62) 0.387445
(63,63) 2.84514
(63,104) -0.53169
(63,105) -0.0833333
(63,106) -1.07108
(63,107) -0.166667
(63,148) -0.540223
(63,149) -1.07962
(63,150) -0.0833333
(63,151) -0.166667
(64,20) -0.166667
(64,21) -1.00948
(64,22) -0.0833333
(64,23) -0.505292
(64,64) 3.2551
(64,65) 0.618548
(64,66) 0.519181
(64,67) -0.243056
(64,68) 0.166667
(64,69) 0
(64,70) 0.0833333
(64,71) 0
(64,72) 0.166667
(64,73) 0.0833333
(64,74) 0
(64,75) 0
(65,20) 0
(65,21) 0.166667
(65,22) 0
(65,23) 0.0833333
(65,64) 0.618548
(65,65) 3.19663
(65,66) -0.243056
(65,67) 0.498777
(65,68) -0.968051
(65,69) -0.166667
(65,70) -0.484888
(65,71) -0.0833333
(65,72) 0.0833333
(65,73) 0.166667
(65,74) 0
(65,75) 0
(66,20) -0.0833333
(66,21) -0.505292
(66,22) -0.166667
(66,23) -1.01168
(66,64) 0.185848
(66,65) -0.409722
(66,66) 2.70901
(66,67) 0.343725
(66,68) 0.0833333
(66,69) 0
(66,70) 0.166667
(66,71) 0
(66,72) -1.00289
(66,73) -0.496503
(66,74) -0.166667
(66,75) -0.0833333
(67,20) 0
(67,21) 0.0833333
(67,22) 0
(67,23) 0.166667
(67,64) -0.409722
(67,65) 0.165443
(67,66) 0.343725
(67,67) 2.64907
(67,68) -0.484888
(67,69) -0.0833333
(67,70) -0.971501
(67,71) -0.166667
(67,72) -0.496503
(67,73) -0.983125
(67,74) -0.0833333
(67,75) -0.166667
(68,64) -0.166667
(68,65) -0.968051
(68,66) -0.0833333
(68,67) -0.484888
(68,68) 3.27849
(68,69) 0.650148
(68,70) 0.498777
(68,71) -0.243056
(68,76) 0.166667
(68,77) 0.0833333
(68,78) 0
(68,79) 0
(68,80) 0.166667
(68,81) 0
(68,82) 0.0833333
(68,83) 0
(69,64) 0
(69,65) 0.166667
(69,66) 0
(69,67) 0.0833333
(69,68) 0.650148
(69,69) 3.20995
(69,70) -0.243056
(69,71) 0.475034
(69,76) 0.0833333
(69,77) 0.166667
(69,78) 0
(69,79) 0
(69,80) -0.919801
(69,81) -0.166667
(69,82) -0.461145
(69,83) -0.0833333
(70,64) -0.0833333
(70,65) -0.484888
(70,66) -0.166667
(70,67) -0.971501
(70,68) 0.165443
(70,69) -0.409722
(70,70) 2.62767
(70,71) 0.322345
(70,76) -0.961726
(70,77) -0.475123
(70,78) -0.166667
(70,79) -0.0833333
(70,80) 0.0833333
(70,81) 0
(70,82) 0.166667
(70,83) 0
(71,64) 0
(71,65) 0.0833333
(71,66) 0
(71,67) 0.166667
(71,68) -0.409722
(71,69) 0.1417
(71,70) 0.322345
(71,71) 2.55799
(71,76) -0.475123
(71,77) -0.938767
(71,78) -0.0833333
(71,79) -0.166667
(71,80) -0.461145
(71,81) -0.0833333
(71,82) -0.924778
(71,83) -0.166667
(72,28) -0.166667
(72,29) -1.01608
(72,30) -0.0833333
(72,31) -0.509691
(72,64) -0.166667
(72,65) -0.0833333
(72,66) -1.00289
(72,67) -0.496503
(72,72) 2.71341
(72,73) 0.343725
(72,74) 0.356914
(72,75) -0.326389
(72,76) 0.166667
(72,77) 0
(72,78) 0.0833333
(72,79) 0
(72,96) 0.166667
(72,97) 0.0833333
(72,98) 0
(72,99) 0
(73,28) 0
(73,29) 0.166667
(73,30) 0
(73,31) 0.0833333
(73,64) -0.0833333
(73,65) -0.166667
(73,66) -0.496503
(73,67) -0.983125
(73,72) 0.343725
(73,73) 2.65597
(73,74) -0.326389
(73,75) 0.339009
(73,76) -0.9784
(73,77) -0.166667
(73,78) -0.491787
(73,79) -0.0833333
(73,96) 0.0833333
(73,97) 0.166667
(73,98) 0
(73,99) 0
(74,28) -0.0833333
(74,29) -0.509691
(74,30) -0.166667
(74,31) -1.02268
(74,64) 0
(74,65) 0
(74,66) 0.166667
(74,67) 0.0833333
(74,72) 0.356914
(74,73) -0.326389
(74,74) 2.73509
(74,75) 0.352199
(74,76) 0.0833333
(74,77) 0
(74,78) 0.166667
(74,79) 0
(74,96) -1.01796
(74,97) -0.504977
(74,98) -0.166667
(74,99) -0.0833333
(75,28) 0
(75,29) 0.0833333
(75,30) 0
(75,31) 0.166667
(75,64) 0
(75,65) 0
(75,66) 0.0833333
(75,67) 0.166667
(75,72) -0.326389
(75,73) 0.339009
(75,74) 0.352199
(75,75) 2.68514
(75,76) -0.491787
(75,77) -0.0833333
(75,78) -0.988749
(75,79) -0.166667
(75,96) -0.504977
(75,97) -1.00195
(75,98) -0.0833333
(75,99) -0.166667
(76,68) -0.166667
(76,69) -0.0833333
(76,70) -0.961726
(76,71) -0.475123
(76,72) -0.166667
(76,73) -0.9784
(76,74) -0.0833333
(76,75) -0.491787
(76,76) 2.63457
(76,77) 0.322345
(76,78) 0.339009
(76,79) -0.326389
(76,88) 0.166667
(76,89) 0
(76,90) 0.0833333
(76,91) 0
(76,100) 0.166667
(76,101) 0.0833333
(76,102) 0
(76,103) 0
(77,68) -0.0833333
(77,69) -0.166667
(77,70) -0.475123
(77,71) -0.938767
(77,72) 0
(77,73) 0.166667
(77,74) 0
(77,75) 0.0833333
(77,76) 0.322345
(77,77) 2.56794
(77,78) -0.326389
(77,79) 0.318321
(77,88) -0.934731
(77,89) -0.166667
(77,90) -0.471098
(77,91) -0.0833333
(77,100) 0.0833333
(77,101) 0.166667
(77,102) 0
(77,103) 0
(78,68) 0
(78,69) 0
(78,70) 0.166667
(78,71) 0.0833333
(78,72) -0.0833333
(78,73) -0.491787
(78,74) -0.166667
(78,75) -0.988749
(78,76) 0.339009
(78,77) -0.326389
(78,78) 2.66791
(78,79) 0.334985
(78,88) 0.0833333
(78,89) 0
(78,90) 0.166667
(78,91) 0
(78,100) -0.984715
(78,101) -0.487763
(78,102) -0.166667
(78,103) -0.0833333
(79,68) 0
(79,69) 0
(79,70) 0.0833333
(79,71) 0.166667
(79,72) 0
(79,73) 0.0833333
(79,74) 0
(79,75) 0.166667
(79,76) -0.326389
(79,77) 0.318321
(79,78) 0.334985
(79,79) 2.61044
(79,88) -0.471098
(79,89) -0.0833333
(79,90) -0.949662
(79,91) -0.166667
(79,100) -0.487763
(79,101) -0.966338
(79,102) -0.0833333
(79,103) -0.166667
(80,68) -0.166667
(80,69) -0.919801
(80,70) -0.0833333
(80,71) -0.461145
(80,80) 3.31081
(80,81) 0.68974
(80,82) 0.475034
(80,83) -0.243056
(80,84) 0.166667
(80,85) 0
(80,86) 0.0833333
(80,87) 0
(80,88) 0.166667
(80,89) 0.0833333
(80,90) 0
(80,91) 0
(81,68) 0
(81,69) 0.166667
(81,70) 0
(81,71) 0.0833333
(81,80) 0.68974
(81,81) 3.23344
(81,82) -0.243056
(81,83) 0.448332
(81,84) -0.865496
(81,85) -0.166667
(81,86) -0.434443
(81,87) -0.0833333
(81,88) 0.0833333
(81,89) 0.166667
(81,90) 0
(81,91) 0
(82,68) -0.0833333
(82,69) -0.461145
(82,70) -0.166667
(82,71) -0.924778
(82,80) 0.1417
(82,81) -0.409722
(82,82) 2.53358
(82,83) 0.297956
(82,84) 0.0833333
(82,85) 0
(82,86) 0.166667
(82,87) 0
(82,88) -0.914355
(82,89) -0.450733
(82,90) -0.166667
(82,91) -0.0833333
(83,68) 0
(83,69) 0.0833333
(83,70) 0
(83,71) 0.166667
(83,80) -0.409722
(83,81) 0.114999
(83,82) 0.297956
(83,83) 2.4553
(83,84) -0.434443
(83,85) -0.0833333
(83,86) -0.872277
(83,87) -0.166667
(83,88) -0.450733
(83,89) -0.888579
(83,90) -0.0833333
(83,91) -0.166667
(84,80) -0.166667
(84,81) -0.865496
(84,82) -0.0833333
(84,83) -0.434443
(84,84) 3.36628
(84,85) 0.577858
(84,86) 0.448332
(84,87) -0.326389
(84,92) 0.166667
(84,93) 0.0833333
(84,94) 0
(84,95) 0
(85,80) 0
(85,81) 0.166667
(85,82) 0
(85,83) 0.0833333
(85,84) 0.911192
(85,85) 4.2854
(85,86) -0.159722
(85,87) 0.936338
(85,92) 0.0833333
(85,93) 0.166667
(85,94) 0
(85,95) 0
(86,80) -0.0833333
(86,81) -0.434443
(86,82) -0.166667
(86,83) -0.872277
(86,84) 0.114999
(86,85) -0.493056
(86,86) 2.42828
(86,87) 0.104293
(86,92) -0.861558
(86,93) -0.423738
(86,94) -0.166667
(86,95) -0.0833333
(87,80) 0
(87,81) 0.0833333
(87,82) 0
(87,83) 0.166667
(87,84) -0.326389
(87,85) 0.603005
(87,86) 0.437627
(87,87) 3.40956
(87,92) -0.423738
(87,93) -0.833393
(87,94) -0.0833333
(87,95) -0.166667
(88,76) -0.166667
(88,77) -0.934731
(88,78) -0.0833333
(88,79) -0.471098
(88,80) -0.166667
(88,81) -0.0833333
(88,82) -0.914355
(88,83) -0.450733
(88,88) 2.54353
(88,89) 0.297956
(88,90) 0.318321
(88,91) -0.326389
(88,92) 0.166667
(88,93) 0
(88,94) 0.0833333
(88,95) 0
(88,112) 0.166667
(88,113) 0.0833333
(88,114) 0
(88,115) 0
(89,76) 0
(89,77) 0.166667
(89,78) 0
(89,79) 0.0833333
(89,80) -0.0833333
(89,81) -0.166667
(89,82) -0.450733
(89,83) -0.888579
(89,88) 0.297956
(89,89) 2.46886
(89,90) -0.326389
(89,91) 0.295227
(89,92) -0.885838
(89,93) -0.166667
(89,94) -0.448005
(89,95) -0.0833333
(89,112) 0.0833333
(89,113) 0.166667
(89,114) 0
(89,115) 0
(90,76) -0.0833333
(90,77) -0.471098
(90,78) -0.166667
(90,79) -0.949662
(90,80) 0
(90,81) 0
(90,82) 0.166667
(90,83) 0.0833333
(90,88) 0.318321
(90,89) -0.326389
(90,90) 2.59103
(90,91) 0.315593
(90,92) 0.0833333
(90,93) 0
(90,94) 0.166667
(90,95) 0
(90,112) -0.946923
(90,113) -0.468371
(90,114) -0.166667
(90,115) -0.0833333
(91,76) 0
(91,77) 0.0833333
(91,78) 0
(91,79) 0.166667
(91,80) 0
(91,81) 0
(91,82) 0.0833333
(91,83) 0.166667
(91,88) -0.326389
(91,89) 0.295227
(91,90) 0.315593
(91,91) 2.52719
(91,92) -0.448005
(91,93) -0.0833333
(91,94) -0.906182
(91,95) -0.166667
(91,112) -0.468371
(91,113) -0.92656
(91,114) -0.0833333
(91,115) -0.166667
(92,84) -0.166667
(92,85) -0.0833333
(92,86) -0.861558
(92,87) -0.423738
(92,88) -0.166667
(92,89) -0.885838
(92,90) -0.0833333
(92,91) -0.448005
(92,92) 2.44184
(92,93) 0.104293
(92,94) 0.295227
(92,95) -0.409722
(92,116) 0.166667
(92,117) 0.0833333
(92,118) 0
(92,119) 0
(93,84) -0.0833333
(93,85) -0.166667
(93,86) -0.423738
(93,87) -0.833393
(93,88) 0
(93,89) 0.166667
(93,90) 0
(93,91) 0.0833333
(93,92) 0.437627
(93,93) 3.5437
(93,94) -0.243056
(93,95) 0.876538
(93,116) 0.0833333
(93,117) 0.166667
(93,118) 0
(93,119) 0
(94,84) 0
(94,85) 0
(94,86) 0.166667
(94,87) 0.0833333
(94,88) -0.0833333
(94,89) -0.448005
(94,90) -0.166667
(94,91) -0.906182
(94,92) 0.295227
(94,93) -0.409722
(94,94) 2.50599
(94,95) 0.127759
(94,116) -0.905367
(94,117) -0.447203
(94,118) -0.166667
(94,119) -0.0833333
(95,84) 0
(95,85) 0
(95,86) 0.0833333
(95,87) 0.166667
(95,88) 0
(95,89) 0.0833333
(95,90) 0
(95,91) 0.166667
(95,92) -0.243056
(95,93) 0.876538
(95,94) 0.461092
(95,95) 3.6793
(95,116) -0.447203
(95,117) -0.883445
(95,118) -0.0833333
(95,119) -0.166667
(96,52) -0.166667
(96,53) -1.03148
(96,54) -0.0833333
(96,55) -0.51849
(96,72) -0.166667
(96,73) -0.0833333
(96,74) -1.01796
(96,75) -0.504977
(96,96) 2.74388
(96,97) 0.352199
(96,98) 0.365713
(96,99) -0.326389
(96,100) 0.166667
(96,101) 0
(96,102) 0.0833333
(96,103) 0
(96,104) 0.166667
(96,105) 0.0833333
(96,106) 0
(96,107) 0
(97,52) 0
(97,53) 0.166667
(97,54) 0
(97,55) 0.0833333
(97,72) -0.0833333
(97,73) -0.166667
(97,74) -0.504977
(97,75) -1.00195
(97,96) 0.352199
(97,97) 2.69894
(97,98) -0.326389
(97,99) 0.352809
(97,100) -1.00255
(97,101) -0.166667
(97,102) -0.505586
(97,103) -0.0833333
(97,104) 0.0833333
(97,105) 0.166667
(97,106) 0
(97,107) 0
(98,52) -0.0833333
(98,53) -0.51849
(98,54) -0.166667
(98,55) -1.04248
(98,72) 0
(98,73) 0
(98,74) 0.166667
(98,75) 0.0833333
(98,96) 0.365713
(98,97) -0.326389
(98,98) 2.78001
(98,99) 0.366324
(98,100) 0.0833333
(98,101) 0
(98,102) 0.166667
(98,103) 0
(98,104) -1.04308
(98,105) -0.519101
(98,106) -0.166667
(98,107) -0.0833333
(99,52) 0
(99,53) 0.0833333
(99,54) 0
(99,55) 0.166667
(99,72) 0
(99,73) 0
(99,74) 0.0833333
(99,75) 0.166667
(99,96) -0.326389
(99,97) 0.352809
(99,98) 0.366324
(99,99) 2.74756
(99,100) -0.505586
(99,101) -0.0833333
(99,102) -1.0198
(99,103) -0.166667
(99,104) -0.519101
(99,105) -1.03332
(99,106) -0.0833333
(99,107) -0.166667
(100,76) -0.166667
(100,77) -0.0833333
(100,78) -0.984715
(100,79) -0.487763
(100,96) -0.166667
(100,97) -1.00255
(100,98) -0.0833333
(100,99) -0.505586
(100,100) 2.68171
(100,101) 0.334985
(100,102) 0.352809
(100,103) -0.326389
(100,108) 0.166667
(100,109) 0.0833333
(100,110) 0
(100,111) 0
(100,112) 0.166667
(100,113) 0
(100,114) 0.0833333
(100,115) 0
(101,76) -0.0833333
(101,77) -0.166667
(101,78) -0.487763
(101,79) -0.966338
(101,96) 0
(101,97) 0.166667
(101,98) 0
(101,99) 0.0833333
(101,100) 0.334985
(101,101) 2.63035
(101,102) -0.326389
(101,103) 0.33823
(101,108) 0.0833333
(101,109) 0.166667
(101,110) 0
(101,111) 0
(101,112) -0.969571
(101,113) -0.166667
(101,114) -0.491008
(101,115) -0.0833333
(102,76) 0
(102,77) 0
(102,78) 0.166667
(102,79) 0.0833333
(102,96) -0.0833333
(102,97) -0.505586
(102,98) -0.166667
(102,99) -1.0198
(102,100) 0.352809
(102,101) -0.326389
(102,102) 2.73728
(102,103) 0.356055
(102,108) -1.02303
(102,109) -0.508832
(102,110) -0.166667
(102,111) -0.0833333
(102,112) 0.0833333
(102,113) 0
(102,114) 0.166667
(102,115) 0
(103,76) 0
(103,77) 0
(103,78) 0.0833333
(103,79) 0.166667
(103,96) 0
(103,97) 0.0833333
(103,98) 0
(103,99) 0.166667
(103,100) -0.326389
(103,101) 0.33823
(103,102) 0.356055
(103,103) 2.7012
(103,108) -0.508832
(103,109) -1.0123
(103,110) -0.0833333
(103,111) -0.166667
(103,112) -0.491008
(103,113) -0.0833333
(103,114) -0.994459
(103,115) -0.166667
(104,60) -0.166667
(104,61) -1.05568
(104,62) -0.0833333
(104,63) -0.53169
(104,96) -0.166667
(104,97) -0.0833333
(104,98) -1.04308
(104,99) -0.519101
(104,104) 2.79321
(104,105) 0.366324
(104,106) 0.378912
(104,107) -0.326389
(104,108) 0.166667
(104,109) 0
(104,110) 0.0833333
(104,111) 0
(104,192) 0.166667
(104,193) 0.0833333
(104,194) 0
(104,195) 0
(105,60) 0
(105,61) 0.166667
(105,62) 0
(105,63) 0.0833333
(105,96) -0.0833333
(105,97) -0.166667
(105,98) -0.519101
(105,99) -1.03332
(105,104) 0.366324
(105,105) 2.76827
(105,106) -0.326389
(105,107) 0.37351
(105,108) -1.0405
(105,109) -0.166667
(105,110) -0.526287
(105,111) -0.0833333
(105,192) 0.0833333
(105,193) 0.166667
(105,194) 0
(105,195) 0
(106,60) -0.0833333
(106,61) -0.53169
(106,62) -0.166667
(106,63) -1.07108
(106,96) 0
(106,97) 0
(106,98) 0.166667
(106,99) 0.0833333
(106,104) 0.378912
(106,105) -0.326389
(106,106) 2.84378
(106,107) 0.3861
(106,108) 0.0833333
(106,109) 0
(106,110) 0.166667
(106,111) 0
(106,192) -1.07826
(106,193) -0.538878
(106,194) -0.166667
(106,195) -0.0833333
(107,60) 0
(107,61) 0.0833333
(107,62) 0
(107,63) 0.166667
(107,96) 0
(107,97) 0
(107,98) 0.0833333
(107,99) 0.166667
(107,104) -0.326389
(107,105) 0.37351
(107,106) 0.3861
(107,107) 2.83635
(107,108) -0.526287
(107,109) -0.0833333
(107,110) -1.06465
(107,111) -0.166667
(107,192) -0.538878
(107,193) -1.07725
(107,194) -0.0833333
(107,195) -0.166667
(108,100) -0.166667
(108,101) -0.0833333
(108,102) -1.02303
(108,103) -0.508832
(108,104) -0.166667
(108,105) -1.0405
(108,106) -0.0833333
(108,107) -0.526287
(108,108) 2.75798
(108,109) 0.356055
(108,110) 0.37351
(108,111) -0.326389
(108,120) 0.166667
(108,121) 0
(108,122) 0.0833333
(108,123) 0
(108,196) 0.166667
(108,197) 0.0833333
(108,198) 0
(108,199) 0
(109,100) -0.0833333
(109,101) -0.166667
(109,102) -0.508832
(109,103) -1.0123
(109,104) 0
(109,105) 0.166667
(109,106) 0
(109,107) 0.0833333
(109,108) 0.356055
(109,109) 2.73107
(109,110) -0.326389
(109,111) 0.368099
(109,120) -1.02433
(109,121) -0.166667
(109,122) -0.520876
(109,123) -0.0833333
(109,196) 0.0833333
(109,197) 0.166667
(109,198) 0
(109,199) 0
(110,100) 0
(110,101) 0
(110,102) 0.166667
(110,103) 0.0833333
(110,104) -0.0833333
(110,105) -0.526287
(110,106) -0.166667
(110,107) -1.06465
(110,108) 0.37351
(110,109) -0.326389
(110,110) 2.83578
(110,111) 0.385556
(110,120) 0.0833333
(110,121) 0
(110,122) 0.166667
(110,123) 0
(110,196) -1.07669
(110,197) -0.538334
(110,198) -0.166667
(110,199) -0.0833333
(111,100) 0
(111,101) 0
(111,102) 0.0833333
(111,103) 0.166667
(111,104) 0
(111,105) 0.0833333
(111,106) 0
(111,107) 0.166667
(111,108) -0.326389
(111,109) 0.368099
(111,110) 0.385556
(111,111) 2.83027
(111,120) -0.520876
(111,121) -0.0833333
(111,122) -1.05918
(111,123) -0.166667
(111,196) -0.538334
(111,197) -1.07665
(111,198) -0.0833333
(111,199) -0.166667
(112,88) -0.166667
(112,89) -0.0833333
(112,90) -0.946923
(112,91) -0.468371
(112,100) -0.166667
(112,101) -0.969571
(112,102) -0.0833333
(112,103) -0.491008
(112,112) 2.61094
(112,113) 0.315593
(112,114) 0.33823
(112,115) -0.326389
(112,116) 0.166667
(112,117) 0
(112,118) 0.0833333
(112,119) 0
(112,120) 0.166667
(112,121) 0.0833333
(112,122) 0
(112,123) 0
(113,88) -0.0833333
(113,89) -0.166667
(113,90) -0.468371
(113,91) -0.92656
(113,100) 0
(113,101) 0.166667
(113,102) 0
(113,103) 0.0833333
(113,112) 0.315593
(113,113) 2.55431
(113,114) -0.326389
(113,115) 0.322355
(113,116) -0.93331
(113,117) -0.166667
(113,118) -0.475133
(113,119) -0.0833333
(113,120) 0.0833333
(113,121) 0.166667
(113,122) 0
(113,123) 0
(114,88) 0
(114,89) 0
(114,90) 0.166667
(114,91) 0.0833333
(114,100) -0.0833333
(114,101) -0.491008
(114,102) -0.166667
(114,103) -0.994459
(114,112) 0.33823
(114,113) -0.326389
(114,114) 2.69012
(114,115) 0.344994
(114,116) 0.0833333
(114,117) 0
(114,118) 0.166667
(114,119) 0
(114,120) -1.00121
(114,121) -0.497772
(114,122) -0.166667
(114,123) -0.0833333
(115,88) 0
(115,89) 0
(115,90) 0.0833333
(115,91) 0.166667
(115,100) 0
(115,101) 0.0833333
(115,102) 0
(115,103) 0.166667
(115,112) -0.326389
(115,113) 0.322355
(115,114) 0.344994
(115,115) 2.65154
(115,116) -0.475133
(115,117) -0.0833333
(115,118) -0.967223
(115,119) -0.166667
(115,120) -0.497772
(115,121) -0.989875
(115,122) -0.0833333
(115,123) -0.166667
(116,92) -0.166667
(116,93) -0.0833333
(116,94) -0.905367
(116,95) -0.447203
(116,112) -0.166667
(116,113) -0.93331
(116,114) -0.0833333
(116,115) -0.475133
(116,116) 2.53312
(116,117) 0.127759
(116,118) 0.322355
(116,119) -0.409722
(116,124) 0.166667
(116,125) 0.0833333
(116,126) 0
(116,127) 0
(117,92) -0.0833333
(117,93) -0.166667
(117,94) -0.447203
(117,95) -0.883445
(117,112) 0
(117,113) 0.166667
(117,114) 0
(117,115) 0.0833333
(117,116) 0.461092
(117,117) 3.84998
(117,118) -0.243056
(117,119) 1.00814
(117,124) 0.0833333
(117,125) 0.166667
(117,126) 0
(117,127) 0
(118,92) 0
(118,93) 0
(118,94) 0.166667
(118,95) 0.0833333
(118,112) -0.0833333
(118,113) -0.475133
(118,114) -0.166667
(118,115) -0.967223
(118,116) 0.322355
(118,117) -0.409722
(118,118) 2.64007
(118,119) 0.166878
(118,124) -0.978401
(118,125) -0.486323
(118,126) -0.166667
(118,127) -0.0833333
(119,92) 0
(119,93) 0
(119,94) 0.0833333
(119,95) 0.166667
(119,112) 0
(119,113) 0.0833333
(119,114) 0
(119,115) 0.166667
(119,116) -0.243056
(119,117) 1.00814
(119,118) 0.500211
(119,119) 4.03291
(119,124) -0.486323
(119,125) -0.966889
(119,126) -0.0833333
(119,127) -0.166667
(120,108) -0.166667
(120,109) -1.02433
(120,110) -0.0833333
(120,111) -0.520876
(120,112) -0.166667
(120,113) -0.0833333
(120,114) -1.00121
(120,115) -0.497772
(120,120) 2.71998
(120,121) 0.344994
(120,122) 0.368099
(120,123) -0.326389
(120,124) 0.166667
(120,125) 0
(120,126) 0.0833333
(120,127) 0
(120,208) 0.166667
(120,209) 0.0833333
(120,210) 0
(120,211) 0
(121,108) 0
(121,109) 0.166667
(121,110) 0
(121,111) 0.0833333
(121,112) -0.0833333
(121,113) -0.166667
(121,114) -0.497772
(121,115) -0.989875
(121,120) 0.344994
(121,121) 2.69224
(121,122) -0.326389
(121,123) 0.363058
(121,124) -1.00792
(121,125) -0.166667
(121,126) -0.515835
(121,127) -0.0833333
(121,208) 0.0833333
(121,209) 0.166667
(121,210) 0
(121,211) 0
(122,108) -0.0833333
(122,109) -0.520876
(122,110) -0.166667
(122,111) -1.05918
(122,112) 0
(122,113) 0
(122,114) 0.166667
(122,115) 0.0833333
(122,120) 0.368099
(122,121) -0.326389
(122,122) 2.83086
(122,123) 0.386165
(122,124) 0.0833333
(122,125) 0
(122,126) 0.166667
(122,127) 0
(122,208) -1.07723
(122,209) -0.538943
(122,210) -0.166667
(122,211) -0.0833333
(123,108) 0
(123,109) 0.0833333
(123,110) 0
(123,111) 0.166667
(123,112) 0
(123,113) 0
(123,114) 0.0833333
(123,115) 0.166667
(123,120) -0.326389
(123,121) 0.363058
(123,122) 0.386165
(123,123) 2.8284
(123,124) -0.515835
(123,125) -0.0833333
(123,126) -1.05542
(123,127) -0.166667
(123,208) -0.538943
(123,209) -1.07854
(123,210) -0.0833333
(123,211) -0.166667
(124,116) -0.166667
(124,117) -0.0833333
(124,118) -0.978401
(124,119) -0.486323
(124,120) -0.166667
(124,121) -1.00792
(124,122) -0.0833333
(124,123) -0.515835
(124,124) 2.68077
(124,125) 0.166878
(124,126) 0.363058
(124,127) -0.409722
(124,212) 0.166667
(124,213) 0.0833333
(124,214) 0
(124,215) 0
(125,116) -0.0833333
(125,117) -0.166667
(125,118) -0.486323
(125,119) -0.966889
(125,120) 0
(125,121) 0.166667
(125,122) 0
(125,123) 0.0833333
(125,124) 0.500211
(125,125) 4.23948
(125,126) -0.243056
(125,127) 1.16424
(125,212) 0.0833333
(125,213) 0.166667
(125,214) 0
(125,215) 0
(126,116) 0
(126,117) 0
(126,118) 0.166667
(126,119) 0.0833333
(126,120) -0.0833333
(126,121) -0.515835
(126,122) -0.166667
(126,123) -1.05542
(126,124) 0.363058
(126,125) -0.409722
(126,126) 2.83054
(126,127) 0.221663
(126,212) -1.08068
(126,213) -0.541107
(126,214) -0.166667
(126,215) -0.0833333
(127,116) 0
(127,117) 0
(127,118) 0.0833333
(127,119) 0.166667
(127,120) 0
(127,121) 0.0833333
(127,122) 0
(127,123) 0.166667
(127,124) -0.243056
(127,125) 1.16424
(127,126) 0.554996
(127,127) 4.4681
(127,212) -0.541107
(127,213) -1.08375
(127,214) -0.0833333
(127,215) -0.166667
(128,40) -0.166667
(128,41) -0.0833333
(128,42) -1.09395
(128,43) -0.546417
(128,128) 3.31577
(128,129) 0.560306
(128,130) 0.612021
(128,131) -0.243056
(128,132) 0.166667
(128,133) 0
(128,134) 0.0833333
(128,135) 0
(128,136) 0.166667
(128,137) 0.0833333
(128,138) 0
(128,139) 0
(129,40) -0.0833333
(129,41) -0.166667
(129,42) -0.546417
(129,43) -1.09172
(129,128) 0.226973
(129,129) 2.87728
(129,130) -0.409722
(129,131) 0.393041
(129,132) -1.09112
(129,133) -0.166667
(129,134) -0.545818
(129,135) -0.0833333
(129,136) 0.0833333
(129,137) 0.166667
(129,138) 0
(129,139) 0
(130,40) 0
(130,41) 0
(130,42) 0.166667
(130,43) 0.0833333
(130,128) 0.612021
(130,129) -0.243056
(130,130) 3.32043
(130,131) 0.560723
(130,132) 0.0833333
(130,133) 0
(130,134) 0.166667
(130,135) 0
(130,136) -1.09416
(130,137) -0.546834
(130,138) -0.166667
(130,139) -0.0833333
(131,40) 0
(131,41) 0
(131,42) 0.0833333
(131,43) 0.166667
(131,128) -0.409722
(131,129) 0.393041
(131,130) 0.22739
(131,131) 2.87978
(131,132) -0.545818
(131,133) -0.0833333
(131,134) -1.09216
(131,135) -0.166667
(131,136) -0.546834
(131,137) -1.09318
(131,138) -0.0833333
(131,139) -0.166667
(132,44) -0.166667
(132,45) -0.0833333
(132,46) -1.08949
(132,47) -0.544195
(132,128) -0.166667
(132,129) -1.09112
(132,130) -0.0833333
(132,131) -0.545818
(132,132) 2.87505
(132,133) 0.391417
(132,134) 0.393041
(132,135) -0.326389
(132,140) 0.166667
(132,141) 0.0833333
(132,142) 0
(132,143) 0
(132,144) 0.166667
(132,145) 0
(132,146) 0.0833333
(132,147) 0
(133,44) -0.0833333
(133,45) -0.166667
(133,46) -0.544195
(133,47) -1.08729
(133,128) 0
(133,129) 0.166667
(133,130) 0
(133,131) 0.0833333
(133,132) 0.391417
(133,133) 2.87031
(133,134) -0.326389
(133,135) 0.39271
(133,140) 0.0833333
(133,141) 0.166667
(133,142) 0
(133,143) 0
(133,144) -1.08858
(133,145) -0.166667
(133,146) -0.545488
(133,147) -0.0833333
(134,44) 0
(134,45) 0
(134,46) 0.166667
(134,47) 0.0833333
(134,128) -0.0833333
(134,129) -0.545818
(134,130) -0.166667
(134,131) -1.09216
(134,132) 0.393041
(134,133) -0.326389
(134,134) 2.88005
(134,135) 0.394335
(134,140) -1.09345
(134,141) -0.547113
(134,142) -0.166667
(134,143) -0.0833333
(134,144) 0.0833333
(134,145) 0
(134,146) 0.166667
(134,147) 0
(135,44) 0
(135,45) 0
(135,46) 0.0833333
(135,47) 0.166667
(135,128) 0
(135,129) 0.0833333
(135,130) 0
(135,131) 0.166667
(135,132) -0.326389
(135,133) 0.39271
(135,134) 0.394335
(135,135) 2.88282
(135,140) -0.547113
(135,141) -1.095
(135,142) -0.0833333
(135,143) -0.166667
(135,144) -0.545488
(135,145) -0.0833333
(135,146) -1.09337
(135,147) -0.166667
(136,128) -0.166667
(136,129) -0.0833333
(136,130) -1.09416
(136,131) -0.546834
(136,136) 3.38342
(136,137) 0.560723
(136,138) 0.645692
(136,139) -0.243056
(136,140) 0.166667
(136,141) 0
(136,142) 0.0833333
(136,143) 0
(136,160) 0.166667
(136,161) 0.0833333
(136,162) 0
(136,163) 0
(137,128) -0.0833333
(137,129) -0.166667
(137,130) -0.546834
(137,131) -1.09318
(137,136) 0.22739
(137,137) 2.88094
(137,138) -0.409722
(137,139) 0.394199
(137,140) -1.09332
(137,141) -0.166667
(137,142) -0.546976
(137,143) -0.0833333
(137,160) 0.0833333
(137,161) 0.166667
(137,162) 0
(137,163) 0
(138,128) 0
(138,129) 0
(138,130) 0.166667
(138,131) 0.0833333
(138,136) 0.645692
(138,137) -0.243056
(138,138) 3.38792
(138,139) 0.561232
(138,140) 0.0833333
(138,141) 0
(138,142) 0.166667
(138,143) 0
(138,160) -1.09441
(138,161) -0.547344
(138,162) -0.166667
(138,163) -0.0833333
(139,128) 0
(139,129) 0
(139,130) 0.0833333
(139,131) 0.166667
(139,136) -0.409722
(139,137) 0.394199
(139,138) 0.227899
(139,139) 2.88399
(139,140) -0.546976
(139,141) -0.0833333
(139,142) -1.09459
(139,143) -0.166667
(139,160) -0.547344
(139,161) -1.09496
(139,162) -0.0833333
(139,163) -0.166667
(140,132) -0.166667
(140,133) -0.0833333
(140,134) -1.09345
(140,135) -0.547113
(140,136) -0.166667
(140,137) -1.09332
(140,138) -0.0833333
(140,139) -0.546976
(140,140) 2.88121
(140,141) 0.394335
(140,142) 0.394199
(140,143) -0.326389
(140,152) 0.166667
(140,153) 0
(140,154) 0.0833333
(140,155) 0
(140,164) 0.166667
(140,165) 0.0833333
(140,166) 0
(140,167) 0
(141,132) -0.0833333
(141,133) -0.166667
(141,134) -0.547113
(141,135) -1.095
(141,136) 0
(141,137) 0.166667
(141,138) 0
(141,139) 0.0833333
(141,140) 0.394335
(141,141) 2.88815
(141,142) -0.326389
(141,143) 0.398037
(141,152) -1.0987
(141,153) -0.166667
(141,154) -0.550815
(141,155) -0.0833333
(141,164) 0.0833333
(141,165) 0.166667
(141,166) 0
(141,167) 0
(142,132) 0
(142,133) 0
(142,134) 0.166667
(142,135) 0.0833333
(142,136) -0.0833333
(142,137) -0.546976
(142,138) -0.166667
(142,139) -1.09459
(142,140) 0.394199
(142,141) -0.326389
(142,142) 2.88732
(142,143) 0.397902
(142,152) 0.0833333
(142,153) 0
(142,154) 0.166667
(142,155) 0
(142,164) -1.09829
(142,165) -0.55068
(142,166) -0.166667
(142,167) -0.0833333
(143,132) 0
(143,133) 0
(143,134) 0.0833333
(143,135) 0.166667
(143,136) 0
(143,137) 0.0833333
(143,138) 0
(143,139) 0.166667
(143,140) -0.326389
(143,141) 0.398037
(143,142) 0.397902
(143,143) 2.90343
(143,152) -0.550815
(143,153) -0.0833333
(143,154) -1.10456
(143,155) -0.166667
(143,164) -0.55068
(143,165) -1.10443
(143,166) -0.0833333
(143,167) -0.166667
(144,56) -0.166667
(144,57) -0.0833333
(144,58) -1.08516
(144,59) -0.542074
(144,132) -0.166667
(144,133) -1.08858
(144,134) -0.0833333
(144,135) -0.545488
(144,144) 2.86818
(144,145) 0.389296
(144,146) 0.39271
(144,147) -0.326389
(144,148) 0.166667
(144,149) 0
(144,150) 0.0833333
(144,151) 0
(144,152) 0.166667
(144,153) 0.0833333
(144,154) 0
(144,155) 0
(145,56) -0.0833333
(145,57) -0.166667
(145,58) -0.542074
(145,59) -1.08313
(145,132) 0
(145,133) 0.166667
(145,134) 0
(145,135) 0.0833333
(145,144) 0.389296
(145,145) 2.86521
(145,146) -0.326389
(145,147) 0.3938
(145,148) -1.08763
(145,149) -0.166667
(145,150) -0.546578
(145,151) -0.0833333
(145,152) 0.0833333
(145,153) 0.166667
(145,154) 0
(145,155) 0
(146,56) 0
(146,57) 0
(146,58) 0.166667
(146,59) 0.0833333
(146,132) -0.0833333
(146,133) -0.545488
(146,134) -0.166667
(146,135) -1.09337
(146,144) 0.39271
(146,145) -0.326389
(146,146) 2.88569
(146,147) 0.397216
(146,148) 0.0833333
(146,149) 0
(146,150) 0.166667
(146,151) 0
(146,152) -1.09787
(146,153) -0.549994
(146,154) -0.166667
(146,155) -0.0833333
(147,56) 0
(147,57) 0
(147,58) 0.0833333
(147,59) 0.166667
(147,132) 0
(147,133) 0.0833333
(147,134) 0
(147,135) 0.166667
(147,144) -0.326389
(147,145) 0.3938
(147,146) 0.397216
(147,147) 2.89522
(147,148) -0.546578
(147,149) -0.0833333
(147,150) -1.09868
(147,151) -0.166667
(147,152) -0.549994
(147,153) -1.1021
(147,154) -0.0833333
(147,155) -0.166667
(148,60) -0.166667
(148,61) -0.0833333
(148,62) -1.08127
(148,63) -0.540223
(148,144) -0.166667
(148,145) -1.08763
(148,146) -0.0833333
(148,147) -0.546578
(148,148) 2.86335
(148,149) 0.387445
(148,150) 0.3938
(148,151) -0.326389
(148,156) 0.166667
(148,157) 0.0833333
(148,158) 0
(148,159) 0
(148,192) 0.166667
(148,193) 0
(148,194) 0.0833333
(148,195) 0
(149,60) -0.0833333
(149,61) -0.166667
(149,62) -0.540223
(149,63) -1.07962
(149,144) 0
(149,145) 0.166667
(149,146) 0
(149,147) 0.0833333
(149,148) 0.387445
(149,149) 2.86274
(149,150) -0.326389
(149,151) 0.396512
(149,156) 0.0833333
(149,157) 0.166667
(149,158) 0
(149,159) 0
(149,192) -1.08868
(149,193) -0.166667
(149,194) -0.54929
(149,195) -0.0833333
(150,60) 0
(150,61) 0
(150,62) 0.166667
(150,63) 0.0833333
(150,144) -0.0833333
(150,145) -0.546578
(150,146) -0.166667
(150,147) -1.09868
(150,148) 0.3938
(150,149) -0.326389
(150,150) 2.90086
(150,151) 0.402869
(150,156) -1.10774
(150,157) -0.555647
(150,158) -0.166667
(150,159) -0.0833333
(150,192) 0.0833333
(150,193) 0
(150,194) 0.166667
(150,195) 0
(151,60) 0
(151,61) 0
(151,62) 0.0833333
(151,63) 0.166667
(151,144) 0
(151,145) 0.0833333
(151,146) 0
(151,147) 0.166667
(151,148) -0.326389
(151,149) 0.396512
(151,150) 0.402869
(151,151) 2.91777
(151,156) -0.555647
(151,157) -1.11485
(151,158) -0.0833333
(151,159) -0.166667
(151,192) -0.54929
(151,193) -0.0833333
(151,194) -1.10848
(151,195) -0.166667
(152,140) -0.166667
(152,141) -1.0987
(152,142) -0.0833333
(152,143) -0.550815
(152,144) -0.166667
(152,145) -0.0833333
(152,146) -1.09787
(152,147) -0.549994
(152,152) 2.89102
(152,153) 0.397216
(152,154) 0.398037
(152,155) -0.326389
(152,156) 0.166667
(152,157) 0
(152,158) 0.0833333
(152,159) 0
(152,176) 0.166667
(152,177) 0.0833333
(152,178) 0
(152,179) 0
(153,140) 0
(153,141) 0.166667
(153,142) 0
(153,143) 0.0833333
(153,144) -0.0833333
(153,145) -0.166667
(153,146) -0.549994
(153,147) -1.1021
(153,152) 0.397216
(153,153) 2.9075
(153,154) -0.326389
(153,155) 0.406075
(153,156) -1.11095
(153,157) -0.166667
(153,158) -0.558852
(153,159) -0.0833333
(153,176) 0.0833333
(153,177) 0.166667
(153,178) 0
(153,179) 0
(154,140) -0.0833333
(154,141) -0.550815
(154,142) -0.166667
(154,143) -1.10456
(154,144) 0
(154,145) 0
(154,146) 0.166667
(154,147) 0.0833333
(154,152) 0.398037
(154,153) -0.326389
(154,154) 2.91242
(154,155) 0.406897
(154,156) 0.0833333
(154,157) 0
(154,158) 0.166667
(154,159) 0
(154,176) -1.11341
(154,177) -0.559675
(154,178) -0.166667
(154,179) -0.0833333
(155,140) 0
(155,141) 0.0833333
(155,142) 0
(155,143) 0.166667
(155,144) 0
(155,145) 0
(155,146) 0.0833333
(155,147) 0.166667
(155,152) -0.326389
(155,153) 0.406075
(155,154) 0.406897
(155,155) 2.94419
(155,156) -0.558852
(155,157) -0.0833333
(155,158) -1.12446
(155,159) -0.166667
(155,176) -0.559675
(155,177) -1.12529
(155,178) -0.0833333
(155,179) -0.166667
(156,148) -0.166667
(156,149) -0.0833333
(156,150) -1.10774
(156,151) -0.555647
(156,152) -0.166667
(156,153) -1.11095
(156,154) -0.0833333
(156,155) -0.558852
(156,156) 2.91314
(156,157) 0.402869
(156,158) 0.406075
(156,159) -0.326389
(156,180) 0.166667
(156,181) 0.0833333
(156,182) 0
(156,183) 0
(156,200) 0.166667
(156,201) 0
(156,202) 0.0833333
(156,203) 0
(157,148) -0.0833333
(157,149) -0.166667
(157,150) -0.555647
(157,151) -1.11485
(157,152) 0
(157,153) 0.166667
(157,154) 0
(157,155) 0.0833333
(157,156) 0.402869
(157,157) 2.93977
(157,158) -0.326389
(157,159) 0.418515
(157,180) 0.0833333
(157,181) 0.166667
(157,182) 0
(157,183) 0
(157,200) -1.13048
(157,201) -0.166667
(157,202) -0.571293
(157,203) -0.0833333
(158,148) 0
(158,149) 0
(158,150) 0.166667
(158,151) 0.0833333
(158,152) -0.0833333
(158,153) -0.558852
(158,154) -0.166667
(158,155) -1.12446
(158,156) 0.406075
(158,157) -0.326389
(158,158) 2.959
(158,159) 0.421723
(158,180) -1.1401
(158,181) -0.5745
(158,182) -0.166667
(158,183) -0.0833333
(158,200) 0.0833333
(158,201) 0
(158,202) 0.166667
(158,203) 0
(159,148) 0
(159,149) 0
(159,150) 0.0833333
(159,151) 0.166667
(159,152) 0
(159,153) 0.0833333
(159,154) 0
(159,155) 0.166667
(159,156) -0.326389
(159,157) 0.418515
(159,158) 0.421723
(159,159) 3.00704
(159,180) -0.5745
(159,181) -1.1579
(159,182) -0.0833333
(159,183) -0.166667
(159,200) -0.571293
(159,201) -0.0833333
(159,202) -1.15469
(159,203) -0.166667
(160,136) -0.166667
(160,137) -0.0833333
(160,138) -1.09441
(160,139) -0.547344
(160,160) 3.47997
(160,161) 0.561232
(160,162) 0.69392
(160,163) -0.243056
(160,164) 0.166667
(160,165) 0
(160,166) 0.0833333
(160,167) 0
(160,168) 0.166667
(160,169) 0.0833333
(160,170) 0
(160,171) 0
(161,136) -0.0833333
(161,137) -0.166667
(161,138) -0.547344
(161,139) -1.09496
(161,160) 0.227899
(161,161) 2.88538
(161,162) -0.409722
(161,163) 0.395588
(161,164) -1.09598
(161,165) -0.166667
(161,166) -0.548366
(161,167) -0.0833333
(161,168) 0.0833333
(161,169) 0.166667
(161,170) 0
(161,171) 0
(162,136) 0
(162,137) 0
(162,138) 0.166667
(162,139) 0.0833333
(162,160) 0.69392
(162,161) -0.243056
(162,162) 3.48484
(162,163) 0.561835
(162,164) 0.0833333
(162,165) 0
(162,166) 0.166667
(162,167) 0
(162,168) -1.09472
(162,169) -0.547946
(162,170) -0.166667
(162,171) -0.0833333
(163,136) 0
(163,137) 0
(163,138) 0.0833333
(163,139) 0.166667
(163,160) -0.409722
(163,161) 0.395588
(163,162) 0.228501
(163,163) 2.889
(163,164) -0.548366
(163,165) -0.0833333
(163,166) -1.09748
(163,167) -0.166667
(163,168) -0.547946
(163,169) -1.09707
(163,170) -0.0833333
(163,171) -0.166667
(164,140) -0.166667
(164,141) -0.0833333
(164,142) -1.09829
(164,143) -0.55068
(164,160) -0.166667
(164,161) -1.09598
(164,162) -0.0833333
(164,163) -0.548366
(164,164) 2.88871
(164,165) 0.397902
(164,166) 0.395588
(164,167) -0.326389
(164,172) 0.166667
(164,173) 0.0833333
(164,174) 0
(164,175) 0
(164,176) 0.166667
(164,177) 0
(164,178) 0.0833333
(164,179) 0
(165,140) -0.0833333
(165,141) -0.166667
(165,142) -0.55068
(165,143) -1.10443
(165,160) 0
(165,161) 0.166667
(165,162) 0
(165,163) 0.0833333
(165,164) 0.397902
(165,165) 2.90983
(165,166) -0.326389
(165,167) 0.404429
(165,172) 0.0833333
(165,173) 0.166667
(165,174) 0
(165,175) 0
(165,176) -1.11095
(165,177) -0.166667
(165,178) -0.557207
(165,179) -0.0833333
(166,140) 0
(166,141) 0
(166,142) 0.166667
(166,143) 0.0833333
(166,160) -0.0833333
(166,161) -0.548366
(166,162) -0.166667
(166,163) -1.09748
(166,164) 0.395588
(166,165) -0.326389
(166,166) 2.89594
(166,167) 0.402117
(166,172) -1.10401
(166,173) -0.554895
(166,174) -0.166667
(166,175) -0.0833333
(166,176) 0.0833333
(166,177) 0
(166,178) 0.166667
(166,179) 0
(167,140) 0
(167,141) 0
(167,142) 0.0833333
(167,143) 0.166667
(167,160) 0
(167,161) 0.0833333
(167,162) 0
(167,163) 0.166667
(167,164) -0.326389
(167,165) 0.404429
(167,166) 0.402117
(167,167) 2.92789
(167,172) -0.554895
(167,173) -1.11557
(167,174) -0.0833333
(167,175) -0.166667
(167,176) -0.557207
(167,177) -0.0833333
(167,178) -1.11788
(167,179) -0.166667
(168,160) -0.166667
(168,161) -0.0833333
(168,162) -1.09472
(168,163) -0.547946
(168,168) 3.61854
(168,169) 0.561835
(168,170) 0.597635
(168,171) -0.326389
(168,172) 0.166667
(168,173) 0
(168,174) 0.0833333
(168,175) 0
(169,160) -0.0833333
(169,161) -0.166667
(169,162) -0.547946
(169,163) -1.09707
(169,168) 0.228501
(169,169) 2.89062
(169,170) -0.493056
(169,171) 0.230543
(169,172) -1.09911
(169,173) -0.166667
(169,174) -0.549987
(169,175) -0.0833333
(170,160) 0
(170,161) 0
(170,162) 0.166667
(170,163) 0.0833333
(170,168) 0.930969
(170,169) -0.159722
(170,170) 4.40695
(170,171) 0.965862
(170,172) 0.0833333
(170,173) 0
(170,174) 0.166667
(170,175) 0
(171,160) 0
(171,161) 0
(171,162) 0.0833333
(171,163) 0.166667
(171,168) -0.326389
(171,169) 0.563876
(171,170) 0.632529
(171,171) 3.72961
(171,172) -0.549987
(171,173) -0.0833333
(171,174) -1.10084
(171,175) -0.166667
(172,164) -0.166667
(172,165) -0.0833333
(172,166) -1.10401
(172,167) -0.554895
(172,168) -0.166667
(172,169) -1.09911
(172,170) -0.0833333
(172,171) -0.549987
(172,172) 2.89756
(172,173) 0.402117
(172,174) 0.230543
(172,175) -0.409722
(172,184) 0.166667
(172,185) 0
(172,186) 0.0833333
(172,187) 0
(173,164) -0.0833333
(173,165) -0.166667
(173,166) -0.554895
(173,167) -1.11557
(173,168) 0
(173,169) 0.166667
(173,170) 0
(173,171) 0.0833333
(173,172) 0.402117
(173,173) 2.93535
(173,174) -0.409722
(173,175) 0.24522
(173,184) -1.12533
(173,185) -0.166667
(173,186) -0.564665
(173,187) -0.0833333
(174,164) 0
(174,165) 0
(174,166) 0.166667
(174,167) 0.0833333
(174,168) -0.0833333
(174,169) -0.549987
(174,170) -0.166667
(174,171) -1.10084
(174,172) 0.563876
(174,173) -0.243056
(174,174) 3.89041
(174,175) 0.913039
(174,184) 0.0833333
(174,185) 0
(174,186) 0.166667
(174,187) 0
(175,164) 0
(175,165) 0
(175,166) 0.0833333
(175,167) 0.166667
(175,168) 0
(175,169) 0.0833333
(175,170) 0
(175,171) 0.166667
(175,172) -0.243056
(175,173) 0.578554
(175,174) 0.913039
(175,175) 3.99591
(175,184) -0.564665
(175,185) -0.0833333
(175,186) -1.13333
(175,187) -0.166667
(176,152) -0.166667
(176,153) -0.0833333
(176,154) -1.11341
(176,155) -0.559675
(176,164) -0.166667
(176,165) -1.11095
(176,166) -0.0833333
(176,167) -0.557207
(176,176) 2.91881
(176,177) 0.406897
(176,178) 0.404429
(176,179) -0.326389
(176,180) 0.166667
(176,181) 0
(176,182) 0.0833333
(176,183) 0
(176,184) 0.166667
(176,185) 0.0833333
(176,186) 0
(176,187) 0
(177,152) -0.0833333
(177,153) -0.166667
(177,154) -0.559675
(177,155) -1.12529
(177,164) 0
(177,165) 0.166667
(177,166) 0
(177,167) 0.0833333
(177,176) 0.406897
(177,177) 2.95892
(177,178) -0.326389
(177,179) 0.420805
(177,180) -1.13919
(177,181) -0.166667
(177,182) -0.573583
(177,183) -0.0833333
(177,184) 0.0833333
(177,185) 0.166667
(177,186) 0
(177,187) 0
(178,152) 0
(178,153) 0
(178,154) 0.166667
(178,155) 0.0833333
(178,164) -0.0833333
(178,165) -0.557207
(178,166) -0.166667
(178,167) -1.11788
(178,176) 0.404429
(178,177) -0.326389
(178,178) 2.9441
(178,179) 0.418339
(178,180) 0.0833333
(178,181) 0
(178,182) 0.166667
(178,183) 0
(178,184) -1.13178
(178,185) -0.571117
(178,186) -0.166667
(178,187) -0.0833333
(179,152) 0
(179,153) 0
(179,154) 0.0833333
(179,155) 0.166667
(179,164) 0
(179,165) 0.0833333
(179,166) 0
(179,167) 0.166667
(179,176) -0.326389
(179,177) 0.420805
(179,178) 0.418339
(179,179) 3.00228
(179,180) -0.573583
(179,181) -0.0833333
(179,182) -1.15515
(179,183) -0.166667
(179,184) -0.571117
(179,185) -1.15269
(179,186) -0.0833333
(179,187) -0.166667
(180,156) -0.166667
(180,157) -0.0833333
(180,158) -1.1401
(180,159) -0.5745
(180,176) -0.166667
(180,177) -1.13919
(180,178) -0.0833333
(180,179) -0.573583
(180,180) 2.97373
(180,181) 0.421723
(180,182) 0.420805
(180,183) -0.326389
(180,188) 0.166667
(180,189) 0.0833333
(180,190) 0
(180,191) 0
(180,224) 0.166667
(180,225) 0
(180,226) 0.0833333
(180,227) 0
(181,156) -0.0833333
(181,157) -0.166667
(181,158) -0.5745
(181,159) -1.1579
(181,176) 0
(181,177) 0.166667
(181,178) 0
(181,179) 0.0833333
(181,180) 0.421723
(181,181) 3.03344
(181,182) -0.326389
(181,183) 0.444922
(181,188) 0.0833333
(181,189) 0.166667
(181,190) 0
(181,191) 0
(181,224) -1.18109
(181,225) -0.166667
(181,226) -0.597699
(181,227) -0.0833333
(182,156) 0
(182,157) 0
(182,158) 0.166667
(182,159) 0.0833333
(182,176) -0.0833333
(182,177) -0.573583
(182,178) -0.166667
(182,179) -1.15515
(182,180) 0.420805
(182,181) -0.326389
(182,182) 3.02793
(182,183) 0.444006
(182,188) -1.17834
(182,189) -0.596784
(182,190) -0.166667
(182,191) -0.0833333
(182,224) 0.0833333
(182,225) 0
(182,226) 0.166667
(182,227) 0
(183,156) 0
(183,157) 0
(183,158) 0.0833333
(183,159) 0.166667
(183,176) 0
(183,177) 0.0833333
(183,178) 0
(183,179) 0.166667
(183,180) -0.326389
(183,181) 0.444922
(183,182) 0.444006
(183,183) 3.11294
(183,188) -0.596784
(183,189) -1.2088
(183,190) -0.0833333
(183,191) -0.166667
(183,224) -0.597699
(183,225) -0.0833333
(183,226) -1.2097
(183,227) -0.166667
(184,172) -0.166667
(184,173) -1.12533
(184,174) -0.0833333
(184,175) -0.564665
(184,176) -0.166667
(184,177) -0.0833333
(184,178) -1.13178
(184,179) -0.571117
(184,184) 2.95156
(184,185) 0.418339
(184,186) 0.24522
(184,187) -0.409722
(184,188) 0.166667
(184,189) 0
(184,190) 0.0833333
(184,191) 0
(185,172) 0
(185,173) 0.166667
(185,174) 0
(185,175) 0.0833333
(185,176) -0.0833333
(185,177) -0.166667
(185,178) -0.571117
(185,179) -1.15269
(185,184) 0.418339
(185,185) 3.01946
(185,186) -0.409722
(185,187) 0.271326
(185,188) -1.17233
(185,189) -0.166667
(185,190) -0.59077
(185,191) -0.0833333
(186,172) -0.0833333
(186,173) -0.564665
(186,174) -0.166667
(186,175) -1.13333
(186,176) 0
(186,177) 0
(186,178) 0.166667
(186,179) 0.0833333
(186,184) 0.578554
(186,185) -0.243056
(186,186) 4.18604
(186,187) 1.04803
(186,188) 0.0833333
(186,189) 0
(186,190) 0.166667
(186,191) 0
(187,172) 0
(187,173) 0.0833333
(187,174) 0
(187,175) 0.166667
(187,176) 0
(187,177) 0
(187,178) 0.0833333
(187,179) 0.166667
(187,184) -0.243056
(187,185) 0.604659
(187,186) 1.04803
(187,187) 4.33017
(187,188) -0.59077
(187,189) -0.0833333
(187,190) -1.19075
(187,191) -0.166667
(188,180) -0.166667
(188,181) -0.0833333
(188,182) -1.17834
(188,183) -0.596784
(188,184) -0.166667
(188,185) -1.17233
(188,186) -0.0833333
(188,187) -0.59077
(188,188) 3.04512
(188,189) 0.444006
(188,190) 0.271326
(188,191) -0.409722
(188,232) 0.166667
(188,233) 0
(188,234) 0.0833333
(188,235) 0
(189,180) -0.0833333
(189,181) -0.166667
(189,182) -0.596784
(189,183) -1.2088
(189,184) 0
(189,185) 0.166667
(189,186) 0
(189,187) 0.0833333
(189,188) 0.444006
(189,189) 3.14375
(189,190) -0.409722
(189,191) 0.309066
(189,232) -1.24051
(189,233) -0.166667
(189,234) -0.62851
(189,235) -0.0833333
(190,180) 0
(190,181) 0
(190,182) 0.166667
(190,183) 0.0833333
(190,184) -0.0833333
(190,185) -0.59077
(190,186) -0.166667
(190,187) -1.19075
(190,188) 0.604659
(190,189) -0.243056
(190,190) 4.54852
(190,191) 1.20363
(190,232) 0.0833333
(190,233) 0
(190,234) 0.166667
(190,235) 0
(191,180) 0
(191,181) 0
(191,182) 0.0833333
(191,183) 0.166667
(191,184) 0
(191,185) 0.0833333
(191,186) 0
(191,187) 0.166667
(191,188) -0.243056
(191,189) 0.642399
(191,190) 1.20363
(191,191) 4.73029
(191,232) -0.62851
(191,233) -0.0833333
(191,234) -1.27353
(191,235) -0.166667
(192,104) -0.166667
(192,105) -0.0833333
(192,106) -1.07826
(192,107) -0.538878
(192,148) -0.166667
(192,149) -1.08868
(192,150) -0.0833333
(192,151) -0.54929
(192,192) 2.86138
(192,193) 0.3861
(192,194) 0.396512
(192,195) -0.326389
(192,196) 0.166667
(192,197) 0
(192,198) 0.0833333
(192,199) 0
(192,200) 0.166667
(192,201) 0.0833333
(192,202) 0
(192,203) 0
(193,104) -0.0833333
(193,105) -0.166667
(193,106) -0.538878
(193,107) -1.07725
(193,148) 0
(193,149) 0.166667
(193,150) 0
(193,151) 0.0833333
(193,192) 0.3861
(193,193) 2.86395
(193,194) -0.326389
(193,195) 0.401115
(193,196) -1.09226
(193,197) -0.166667
(193,198) -0.553892
(193,199) -0.0833333
(193,200) 0.0833333
(193,201) 0.166667
(193,202) 0
(193,203) 0
(194,104) 0
(194,105) 0
(194,106) 0.166667
(194,107) 0.0833333
(194,148) -0.0833333
(194,149) -0.54929
(194,150) -0.166667
(194,151) -1.10848
(194,192) 0.396512
(194,193) -0.326389
(194,194) 2.92642
(194,195) 0.411529
(194,196) 0.0833333
(194,197) 0
(194,198) 0.166667
(194,199) 0
(194,200) -1.12349
(194,201) -0.564307
(194,202) -0.166667
(194,203) -0.0833333
(195,104) 0
(195,105) 0
(195,106) 0.0833333
(195,107) 0.166667
(195,148) 0
(195,149) 0.0833333
(195,150) 0
(195,151) 0.166667
(195,192) -0.326389
(195,193) 0.401115
(195,194) 0.411529
(195,195) 2.9515
(195,196) -0.553892
(195,197) -0.0833333
(195,198) -1.12331
(195,199) -0.166667
(195,200) -0.564307
(195,201) -1.13374
(195,202) -0.0833333
(195,203) -0.166667
(196,108) -0.166667
(196,109) -0.0833333
(196,110) -1.07669
(196,111) -0.538334
(196,192) -0.166667
(196,193) -1.09226
(196,194) -0.0833333
(196,195) -0.553892
(196,196) 2.86339
(196,197) 0.385556
(196,198) 0.401115
(196,199) -0.326389
(196,204) 0.166667
(196,205) 0.0833333
(196,206) 0
(196,207) 0
(196,208) 0.166667
(196,209) 0
(196,210) 0.0833333
(196,211) 0
(197,108) -0.0833333
(197,109) -0.166667
(197,110) -0.538334
(197,111) -1.07665
(197,192) 0
(197,193) 0.166667
(197,194) 0
(197,195) 0.0833333
(197,196) 0.385556
(197,197) 2.8701
(197,198) -0.326389
(197,199) 0.407931
(197,204) 0.0833333
(197,205) 0.166667
(197,206) 0
(197,207) 0
(197,208) -1.09901
(197,209) -0.166667
(197,210) -0.560709
(197,211) -0.0833333
(198,108) 0
(198,109) 0
(198,110) 0.166667
(198,111) 0.0833333
(198,192) -0.0833333
(198,193) -0.553892
(198,194) -0.166667
(198,195) -1.12331
(198,196) 0.401115
(198,197) -0.326389
(198,198) 2.96344
(198,199) 0.423493
(198,204) -1.14568
(198,205) -0.576271
(198,206) -0.166667
(198,207) -0.0833333
(198,208) 0.0833333
(198,209) 0
(198,210) 0.166667
(198,211) 0
(199,108) 0
(199,109) 0
(199,110) 0.0833333
(199,111) 0.166667
(199,192) 0
(199,193) 0.0833333
(199,194) 0
(199,195) 0.166667
(199,196) -0.326389
(199,197) 0.407931
(199,198) 0.423493
(199,199) 2.99767
(199,204) -0.576271
(199,205) -1.1594
(199,206) -0.0833333
(199,207) -0.166667
(199,208) -0.560709
(199,209) -0.0833333
(199,210) -1.14383
(199,211) -0.166667
(200,156) -0.166667
(200,157) -1.13048
(200,158) -0.0833333
(200,159) -0.571293
(200,192) -0.166667
(200,193) -0.0833333
(200,194) -1.12349
(200,195) -0.564307
(200,200) 2.94842
(200,201) 0.411529
(200,202) 0.418515
(200,203) -0.326389
(200,204) 0.166667
(200,205) 0
(200,206) 0.0833333
(200,207) 0
(200,224) 0.166667
(200,225) 0.0833333
(200,226) 0
(200,227) 0
(201,156) 0
(201,157) 0.166667
(201,158) 0
(201,159) 0.0833333
(201,192) -0.0833333
(201,193) -0.166667
(201,194) -0.564307
(201,195) -1.13374
(201,200) 0.411529
(201,201) 2.98601
(201,202) -0.326389
(201,203) 0.435626
(201,204) -1.15782
(201,205) -0.166667
(201,206) -0.588404
(201,207) -0.0833333
(201,224) 0.0833333
(201,225) 0.166667
(201,226) 0
(201,227) 0
(202,156) -0.0833333
(202,157) -0.571293
(202,158) -0.166667
(202,159) -1.15469
(202,192) 0
(202,193) 0
(202,194) 0.166667
(202,195) 0.0833333
(202,200) 0.418515
(202,201) -0.326389
(202,202) 3.02791
(202,203) 0.442614
(202,204) 0.0833333
(202,205) 0
(202,206) 0.166667
(202,207) 0
(202,224) -1.17878
(202,225) -0.595392
(202,226) -0.166667
(202,227) -0.0833333
(203,156) 0
(203,157) 0.0833333
(203,158) 0
(203,159) 0.166667
(203,192) 0
(203,193) 0
(203,194) 0.0833333
(203,195) 0.166667
(203,200) -0.326389
(203,201) 0.435626
(203,202) 0.442614
(203,203) 3.09302
(203,204) -0.588404
(203,205) -0.0833333
(203,206) -1.19579
(203,207) -0.166667
(203,224) -0.595392
(203,225) -1.20279
(203,226) -0.0833333
(203,227) -0.166667
(204,196) -0.166667
(204,197) -0.0833333
(204,198) -1.14568
(204,199) -0.576271
(204,200) -0.166667
(204,201) -1.15782
(204,202) -0.0833333
(204,203) -0.588404
(204,204) 2.99795
(204,205) 0.423493
(204,206) 0.435626
(204,207) -0.326389
(204,216) 0.166667
(204,217) 0
(204,218) 0.0833333
(204,219) 0
(204,228) 0.166667
(204,229) 0.0833333
(204,230) 0
(204,231) 0
(205,196) -0.0833333
(205,197) -0.166667
(205,198) -0.576271
(205,199) -1.1594
(205,200) 0
(205,201) 0.166667
(205,202) 0
(205,203) 0.0833333
(205,204) 0.423493
(205,205) 3.04747
(205,206) -0.326389
(205,207) 0.457733
(205,216) -1.19363
(205,217) -0.166667
(205,218) -0.610511
(205,219) -0.0833333
(205,228) 0.0833333
(205,229) 0.166667
(205,230) 0
(205,231) 0
(206,196) 0
(206,197) 0
(206,198) 0.166667
(206,199) 0.0833333
(206,200) -0.0833333
(206,201) -0.588404
(206,202) -0.166667
(206,203) -1.19579
(206,204) 0.435626
(206,205) -0.326389
(206,206) 3.12026
(206,207) 0.469869
(206,216) 0.0833333
(206,217) 0
(206,218) 0.166667
(206,219) 0
(206,228) -1.23002
(206,229) -0.622646
(206,230) -0.166667
(206,231) -0.0833333
(207,196) 0
(207,197) 0
(207,198) 0.0833333
(207,199) 0.166667
(207,200) 0
(207,201) 0.0833333
(207,202) 0
(207,203) 0.166667
(207,204) -0.326389
(207,205) 0.457733
(207,206) 0.469869
(207,207) 3.20342
(207,216) -0.610511
(207,217) -0.0833333
(207,218) -1.24841
(207,219) -0.166667
(207,228) -0.622646
(207,229) -1.26056
(207,230) -0.0833333
(207,231) -0.166667
(208,120) -0.166667
(208,121) -0.0833333
(208,122) -1.07723
(208,123) -0.538943
(208,196) -0.166667
(208,197) -1.09901
(208,198) -0.0833333
(208,199) -0.560709
(208,208) 2.87069
(208,209) 0.386165
(208,210) 0.407931
(208,211) -0.326389
(208,212) 0.166667
(208,213) 0
(208,214) 0.0833333
(208,215) 0
(208,216) 0.166667
(208,217) 0.0833333
(208,218) 0
(208,219) 0
(209,120) -0.0833333
(209,121) -0.166667
(209,122) -0.538943
(209,123) -1.07854
(209,196) 0
(209,197) 0.166667
(209,198) 0
(209,199) 0.0833333
(209,208) 0.386165
(209,209) 2.88268
(209,210) -0.326389
(209,211) 0.417342
(209,212) -1.1097
(209,213) -0.166667
(209,214) -0.57012
(209,215) -0.0833333
(209,216) 0.0833333
(209,217) 0.166667
(209,218) 0
(209,219) 0
(210,120) 0
(210,121) 0
(210,122) 0.166667
(210,123) 0.0833333
(210,196) -0.0833333
(210,197) -0.560709
(210,198) -0.166667
(210,199) -1.14383
(210,208) 0.407931
(210,209) -0.326389
(210,210) 3.01327
(210,211) 0.439112
(210,212) 0.0833333
(210,213) 0
(210,214) 0.166667
(210,215) 0
(210,216) -1.175
(210,217) -0.59189
(210,218) -0.166667
(210,219) -0.0833333
(211,120) 0
(211,121) 0
(211,122) 0.0833333
(211,123) 0.166667
(211,196) 0
(211,197) 0.0833333
(211,198) 0
(211,199) 0.166667
(211,208) -0.326389
(211,209) 0.417342
(211,210) 0.439112
(211,211) 3.05779
(211,212) -0.57012
(211,213) -0.0833333
(211,214) -1.17078
(211,215) -0.166667
(211,216) -0.59189
(211,217) -1.19256
(211,218) -0.0833333
(211,219) -0.166667
(212,124) -0.166667
(212,125) -0.0833333
(212,126) -1.08068
(212,127) -0.541107
(212,208) -0.166667
(212,209) -1.1097
(212,210) -0.0833333
(212,211) -0.57012
(212,212) 2.88482
(212,213) 0.221663
(212,214) 0.417342
(212,215) -0.409722
(212,220) 0.166667
(212,221) 0.0833333
(212,222) 0
(212,223) 0
(213,124) -0.0833333
(213,125) -0.166667
(213,126) -0.541107
(213,127) -1.08375
(213,208) 0
(213,209) 0.166667
(213,210) 0
(213,211) 0.0833333
(213,212) 0.554996
(213,213) 4.70658
(213,214) -0.243056
(213,215) 1.3425
(213,220) 0.0833333
(213,221) 0.166667
(213,222) 0
(213,223) 0
(214,124) 0
(214,125) 0
(214,126) 0.166667
(214,127) 0.0833333
(214,208) -0.0833333
(214,209) -0.57012
(214,210) -0.166667
(214,211) -1.17078
(214,212) 0.417342
(214,213) -0.409722
(214,214) 3.07744
(214,215) 0.292123
(214,220) -1.21222
(214,221) -0.611568
(214,222) -0.166667
(214,223) -0.0833333
(215,124) 0
(215,125) 0
(215,126) 0.0833333
(215,127) 0.166667
(215,208) 0
(215,209) 0.0833333
(215,210) 0
(215,211) 0.166667
(215,212) -0.243056
(215,213) 1.3425
(215,214) 0.625457
(215,215) 4.98121
(215,220) -0.611568
(215,221) -1.23406
(215,222) -0.0833333
(215,223) -0.166667
(216,204) -0.166667
(216,205) -1.19363
(216,206) -0.0833333
(216,207) -0.610511
(216,208) -0.166667
(216,209) -0.0833333
(216,210) -1.175
(216,211) -0.59189
(216,216) 3.06307
(216,217) 0.439112
(216,218) 0.457733
(216,219) -0.326389
(216,220) 0.166667
(216,221) 0
(216,222) 0.0833333
(216,223) 0
(216,240) 0.166667
(216,241) 0.0833333
(216,242) 0
(216,243) 0
(217,204) 0
(217,205) 0.166667
(217,206) 0
(217,207) 0.0833333
(217,208) -0.0833333
(217,209) -0.166667
(217,210) -0.59189
(217,211) -1.19256
(217,216) 0.439112
(217,217) 3.12566
(217,218) -0.326389
(217,219) 0.485216
(217,220) -1.23865
(217,221) -0.166667
(217,222) -0.637994
(217,223) -0.0833333
(217,240) 0.0833333
(217,241) 0.166667
(217,242) 0
(217,243) 0
(218,204) -0.0833333
(218,205) -0.610511
(218,206) -0.166667
(218,207) -1.24841
(218,208) 0
(218,209) 0
(218,210) 0.166667
(218,211) 0.0833333
(218,216) 0.457733
(218,217) -0.326389
(218,218) 3.23737
(218,219) 0.50384
(218,220) 0.0833333
(218,221) 0
(218,222) 0.166667
(218,223) 0
(218,240) -1.29451
(218,241) -0.656618
(218,242) -0.166667
(218,243) -0.0833333
(219,204) 0
(219,205) 0.0833333
(219,206) 0
(219,207) 0.166667
(219,208) 0
(219,209) 0
(219,210) 0.0833333
(219,211) 0.166667
(219,216) -0.326389
(219,217) 0.485216
(219,218) 0.50384
(219,219) 3.33973
(219,220) -0.637994
(219,221) -0.0833333
(219,222) -1.31332
(219,223) -0.166667
(219,240) -0.656618
(219,241) -1.33196
(219,242) -0.0833333
(219,243) -0.166667
(220,212) -0.166667
(220,213) -0.0833333
(220,214) -1.21222
(220,215) -0.611568
(220,216) -0.166667
(220,217) -1.23865
(220,218) -0.0833333
(220,219) -0.637994
(220,220) 3.14531
(220,221) 0.292123
(220,222) 0.485216
(220,223) -0.409722
(220,244) 0.166667
(220,245) 0.0833333
(220,246) 0
(220,247) 0
(221,212) -0.0833333
(221,213) -0.166667
(221,214) -0.611568
(221,215) -1.23406
(221,216) 0
(221,217) 0.166667
(221,218) 0
(221,219) 0.0833333
(221,220) 0.625457
(221,221) 5.24955
(221,222) -0.243056
(221,223) 1.54211
(221,244) 0.0833333
(221,245) 0.166667
(221,246) 0
(221,247) 0
(222,212) 0
(222,213) 0
(222,214) 0.166667
(222,215) 0.0833333
(222,216) -0.0833333
(222,217) -0.637994
(222,218) -0.166667
(222,219) -1.31332
(222,220) 0.485216
(222,221) -0.409722
(222,222) 3.38079
(222,223) 0.378266
(222,244) -1.37303
(222,245) -0.69771
(222,246) -0.166667
(222,247) -0.0833333
(223,212) 0
(223,213) 0
(223,214) 0.0833333
(223,215) 0.166667
(223,216) 0
(223,217) 0.0833333
(223,218) 0
(223,219) 0.166667
(223,220) -0.243056
(223,221) 1.54211
(223,222) 0.711599
(223,223) 5.57076
(223,244) -0.69771
(223,245) -1.41781
(223,246) -0.0833333
(223,247) -0.166667
(224,180) -0.166667
(224,181) -1.18109
(224,182) -0.0833333
(224,183) -0.597699
(224,200) -0.166667
(224,201) -0.0833333
(224,202) -1.17878
(224,203) -0.595392
(224,224) 3.05432
(224,225) 0.442614
(224,226) 0.444922
(224,227) -0.326389
(224,228) 0.166667
(224,229) 0
(224,230) 0.0833333
(224,231) 0
(224,232) 0.166667
(224,233) 0.0833333
(224,234) 0
(224,235) 0
(225,180) 0
(225,181) 0.166667
(225,182) 0
(225,183) 0.0833333
(225,200) -0.0833333
(225,201) -0.166667
(225,202) -0.595392
(225,203) -1.20279
(225,224) 0.442614
(225,225) 3.13444
(225,226) -0.326389
(225,227) 0.477046
(225,228) -1.23721
(225,229) -0.166667
(225,230) -0.629824
(225,231) -0.0833333
(225,232) 0.0833333
(225,233) 0.166667
(225,234) 0
(225,235) 0
(226,180) -0.0833333
(226,181) -0.597699
(226,182) -0.166667
(226,183) -1.2097
(226,200) 0
(226,201) 0
(226,202) 0.166667
(226,203) 0.0833333
(226,224) 0.444922
(226,225) -0.326389
(226,226) 3.14828
(226,227) 0.479355
(226,228) 0.0833333
(226,229) 0
(226,230) 0.166667
(226,231) 0
(226,232) -1.24413
(226,233) -0.632133
(226,234) -0.166667
(226,235) -0.0833333
(227,180) 0
(227,181) 0.0833333
(227,182) 0
(227,183) 0.166667
(227,200) 0
(227,201) 0
(227,202) 0.0833333
(227,203) 0.166667
(227,224) -0.326389
(227,225) 0.477046
(227,226) 0.479355
(227,227) 3.26093
(227,228) -0.629824
(227,229) -0.0833333
(227,230) -1.28209
(227,231) -0.166667
(227,232) -0.632133
(227,233) -1.2844
(227,234) -0.0833333
(227,235) -0.166667
(228,204) -0.166667
(228,205) -0.0833333
(228,206) -1.23002
(228,207) -0.622646
(228,224) -0.166667
(228,225) -1.23721
(228,226) -0.0833333
(228,227) -0.629824
(228,228) 3.16168
(228,229) 0.469869
(228,230) 0.477046
(228,231) -0.326389
(228,236) 0.166667
(228,237) 0.0833333
(228,238) 0
(228,239) 0
(228,240) 0.166667
(228,241) 0
(228,242) 0.0833333
(228,243) 0
(229,204) -0.0833333
(229,205) -0.166667
(229,206) -0.622646
(229,207) -1.26056
(229,224) 0
(229,225) 0.166667
(229,226) 0
(229,227) 0.0833333
(229,228) 0.469869
(229,229) 3.2632
(229,230) -0.326389
(229,231) 0.517507
(229,236) 0.0833333
(229,237) 0.166667
(229,238) 0
(229,239) 0
(229,240) -1.30819
(229,241) -0.166667
(229,242) -0.670284
(229,243) -0.0833333
(230,204) 0
(230,205) 0
(230,206) 0.166667
(230,207) 0.0833333
(230,224) -0.0833333
(230,225) -0.629824
(230,226) -0.166667
(230,227) -1.28209
(230,228) 0.477046
(230,229) -0.326389
(230,230) 3.30625
(230,231) 0.524686
(230,236) -1.32972
(230,237) -0.677464
(230,238) -0.166667
(230,239) -0.0833333
(230,240) 0.0833333
(230,241) 0
(230,242) 0.166667
(230,243) 0
(231,204) 0
(231,205) 0
(231,206) 0.0833333
(231,207) 0.166667
(231,224) 0
(231,225) 0.0833333
(231,226) 0
(231,227) 0.166667
(231,228) -0.326389
(231,229) 0.517507
(231,230) 0.524686
(231,231) 3.44753
(231,236) -0.677464
(231,237) -1.38014
(231,238) -0.0833333
(231,239) -0.166667
(231,240) -0.670284
(231,241) -0.0833333
(231,242) -1.37295
(231,243) -0.166667
(232,188) -0.166667
(232,189) -1.24051
(232,190) -0.0833333
(232,191) -0.62851
(232,224) -0.166667
(232,225) -0.0833333
(232,226) -1.24413
(232,227) -0.632133
(232,232) 3.17909
(232,233) 0.479355
(232,234) 0.309066
(232,235) -0.409722
(232,236) 0.166667
(232,237) 0
(232,238) 0.0833333
(232,239) 0
(233,188) 0
(233,189) 0.166667
(233,190) 0
(233,191) 0.0833333
(233,224) -0.0833333
(233,225) -0.166667
(233,226) -0.632133
(233,227) -1.2844
(233,232) 0.479355
(233,233) 3.30927
(233,234) -0.409722
(233,235) 0.35871
(233,236) -1.33042
(233,237) -0.166667
(233,238) -0.678155
(233,239) -0.0833333
(234,188) -0.0833333
(234,189) -0.62851
(234,190) -0.166667
(234,191) -1.27353
(234,224) 0
(234,225) 0
(234,226) 0.166667
(234,227) 0.0833333
(234,232) 0.642399
(234,233) -0.243056
(234,234) 4.97368
(234,235) 1.37793
(234,236) 0.0833333
(234,237) 0
(234,238) 0.166667
(234,239) 0
(235,188) 0
(235,189) 0.0833333
(235,190) 0
(235,191) 0.166667
(235,224) 0
(235,225) 0
(235,226) 0.0833333
(235,227) 0.166667
(235,232) -0.243056
(235,233) 0.692044
(235,234) 1.37793
(235,235) 5.19378
(235,236) -0.678155
(235,237) -0.0833333
(235,238) -1.3822
(235,239) -0.166667
(236,228) -0.166667
(236,229) -0.0833333
(236,230) -1.32972
(236,231) -0.677464
(236,232) -0.166667
(236,233) -1.33042
(236,234) -0.0833333
(236,235) -0.678155
(236,236) 3.35458
(236,237) 0.524686
(236,238) 0.35871
(236,239) -0.409722
(236,248) 0.166667
(236,249) 0
(236,250) 0.0833333
(236,251) 0
(237,228) -0.0833333
(237,229) -0.166667
(237,230) -0.677464
(237,231) -1.38014
(237,232) 0
(237,233) 0.166667
(237,234) 0
(237,235) 0.0833333
(237,236) 0.524686
(237,237) 3.51728
(237,238) -0.409722
(237,239) 0.420589
(237,248) -1.4427
(237,249) -0.166667
(237,250) -0.740033
(237,251) -0.0833333
(238,228) 0
(238,229) 0
(238,230) 0.166667
(238,231) 0.0833333
(238,232) -0.0833333
(238,233) -0.678155
(238,234) -0.166667
(238,235) -1.3822
(238,236) 0.692044
(238,237) -0.243056
(238,238) 5.46196
(238,239) 1.57091
(238,248) 0.0833333
(238,249) 0
(238,250) 0.166667
(238,251) 0
(239,228) 0
(239,229) 0
(239,230) 0.0833333
(239,231) 0.166667
(239,232) 0
(239,233) 0.0833333
(239,234) 0
(239,235) 0.166667
(239,236) -0.243056
(239,237) 0.753922
(239,238) 1.57091
(239,239) 5.72131
(239,248) -0.740033
(239,249) -0.0833333
(239,250) -1.51743
(239,251) -0.166667
(240,216) -0.166667
(240,217) -0.0833333
(240,218) -1.29451
(240,219) -0.656618
(240,228) -0.166667
(240,229) -1.30819
(240,230) -0.0833333
(240,231) -0.670284
(240,240) 3.29714
(240,241) 0.50384
(240,242) 0.517507
(240,243) -0.326389
(240,244) 0.166667
(240,245) 0
(240,246) 0.0833333
(240,247) 0
(240,248) 0.166667
(240,249) 0.0833333
(240,250) 0
(240,251) 0
(241,216) -0.0833333
(241,217) -0.166667
(241,218) -0.656618
(241,219) -1.33196
(241,228) 0
(241,229) 0.166667
(241,230) 0
(241,231) 0.0833333
(241,240) 0.50384
(241,241) 3.4212
(241,242) -0.326389
(241,243) 0.566684
(241,244) -1.39479
(241,245) -0.166667
(241,246) -0.719462
(241,247) -0.0833333
(241,248) 0.0833333
(241,249) 0.166667
(241,250) 0
(241,251) 0
(242,216) 0
(242,217) 0
(242,218) 0.166667
(242,219) 0.0833333
(242,228) -0.0833333
(242,229) -0.670284
(242,230) -0.166667
(242,231) -1.37295
(242,240) 0.517507
(242,241) -0.326389
(242,242) 3.50318
(242,243) 0.580353
(242,244) 0.0833333
(242,245) 0
(242,246) 0.166667
(242,247) 0
(242,248) -1.43579
(242,249) -0.733131
(242,250) -0.166667
(242,251) -0.0833333
(243,216) 0
(243,217) 0
(243,218) 0.0833333
(243,219) 0.166667
(243,228) 0
(243,229) 0.0833333
(243,230) 0
(243,231) 0.166667
(243,240) -0.326389
(243,241) 0.566684
(243,242) 0.580353
(243,243) 3.67424
(243,244) -0.719462
(243,245) -0.0833333
(243,246) -1.48306
(243,247) -0.166667
(243,248) -0.733131
(243,249) -1.49674
(243,250) -0.0833333
(243,251) -0.166667
(244,220) -0.166667
(244,221) -0.0833333
(244,222) -1.37303
(244,223) -0.69771
(244,240) -0.166667
(244,241) -1.39479
(244,242) -0.0833333
(244,243) -0.719462
(244,244) 3.46226
(244,245) 0.378266
(244,246) 0.566684
(244,247) -0.409722
(244,252) 0.166667
(244,253) 0.0833333
(244,254) 0
(244,255) 0
(245,220) -0.0833333
(245,221) -0.166667
(245,222) -0.69771
(245,223) -1.41781
(245,240) 0
(245,241) 0.166667
(245,242) 0
(245,243) 0.0833333
(245,244) 0.711599
(245,245) 5.8681
(245,246) -0.243056
(245,247) 1.76273
(245,252) 0.0833333
(245,253) 0.166667
(245,254) 0
(245,255) 0
(246,220) 0
(246,221) 0
(246,222) 0.166667
(246,223) 0.0833333
(246,240) -0.0833333
(246,241) -0.719462
(246,242) -0.166667
(246,243) -1.48306
(246,244) 0.566684
(246,245) -0.409722
(246,246) 3.74062
(246,247) 0.480095
(246,252) -1.56312
(246,253) -0.79954
(246,254) -0.166667
(246,255) -0.0833333
(247,220) 0
(247,221) 0
(247,222) 0.0833333
(247,223) 0.166667
(247,240) 0
(247,241) 0.0833333
(247,242) 0
(247,243) 0.166667
(247,244) -0.243056
(247,245) 1.76273
(247,246) 0.813429
(247,247) 6.23568
(247,252) -0.79954
(247,253) -1.63504
(247,254) -0.0833333
(247,255) -0.166667
(248,236) -0.166667
(248,237) -1.4427
(248,238) -0.0833333
(248,239) -0.740033
(248,240) -0.166667
(248,241) -0.0833333
(248,242) -1.43579
(248,243) -0.733131
(248,248) 3.57293
(248,249) 0.580353
(248,250) 0.420589
(248,251) -0.409722
(248,252) 0.166667
(248,253) 0
(248,254) 0.0833333
(248,255) 0
(249,236) 0
(249,237) 0.166667
(249,238) 0
(249,239) 0.0833333
(249,240) -0.0833333
(249,241) -0.166667
(249,242) -0.733131
(249,243) -1.49674
(249,248) 0.580353
(249,249) 3.76931
(249,250) -0.409722
(249,251) 0.495083
(249,252) -1.57812
(249,253) -0.166667
(249,254) -0.814528
(249,255) -0.0833333
(250,236) -0.0833333
(250,237) -0.740033
(250,238) -0.166667
(250,239) -1.51743
(250,240) 0
(250,241) 0
(250,242) 0.166667
(250,243) 0.0833333
(250,248) 0.753922
(250,249) -0.243056
(250,250) 6.01603
(250,251) 1.78327
(250,252) 0.0833333
(250,253) 0
(250,254) 0.166667
(250,255) 0
(251,236) 0
(251,237) 0.0833333
(251,238) 0
(251,239) 0.166667
(251,240) 0
(251,241) 0
(251,242) 0.0833333
(251,243) 0.166667
(251,248) -0.243056
(251,249) 0.828417
(251,250) 1.78327
(251,251) 6.31446
(251,252) -0.814528
(251,253) -0.0833333
(251,254) -1.67999
(251,255) -0.166667
(252,244) -0.166667
(252,245) -0.0833333
(252,246) -1.56312
(252,247) -0.79954
(252,248) -0.166667
(252,249) -1.57812
(252,250) -0.0833333
(252,251) -0.814528
(252,252) 3.83569
(252,253) 0.480095
(252,254) 0.495083
(252,255) -0.493056
(253,244) -0.0833333
(253,245) -0.166667
(253,246) -0.79954
(253,247) -1.63504
(253,248) 0
(253,249) 0.166667
(253,250) 0
(253,251) 0.0833333
(253,252) 0.813429
(253,253) 6.56065
(253,254) -0.326389
(253,255) 1.84057
(254,244) 0
(254,245) 0
(254,246) 0.166667
(254,247) 0.0833333
(254,248) -0.0833333
(254,249) -0.814528
(254,250) -0.166667
(254,251) -1.67999
(254,252) 0.828417
(254,253) -0.326389
(254,254) 6.63528
(254,255) 1.85042
(255,244) 0
(255,245) 0
(255,246) 0.0833333
(255,247) 0.166667
(255,248) 0
(255,249) 0.0833333
(255,250) 0
(255,251) 0.166667
(255,252) -0.159722
(255,253) 2.1739
(255,254) 2.18376
(255,255) 9.52195
