         0.0  2.50000e-01          0.0  2.50000e-01  1.69993e-01 
 2.50000e-01  5.00000e-01          0.0  2.50000e-01  1.69993e-01 
         0.0  2.50000e-01  2.50000e-01  5.00000e-01  1.69993e-01 
 2.50000e-01  5.00000e-01  2.50000e-01  5.00000e-01  1.69993e-01 
 5.00000e-01  7.50000e-01          0.0  2.50000e-01  1.69993e-01 
 7.50000e-01  1.00000e+00          0.0  2.50000e-01  1.69993e-01 
 5.00000e-01  7.50000e-01  2.50000e-01  5.00000e-01  1.69993e-01 
 7.50000e-01  1.00000e+00  2.50000e-01  5.00000e-01  1.69993e-01 
         0.0  2.50000e-01  5.00000e-01  7.50000e-01  1.69993e-01 
 2.50000e-01  5.00000e-01  5.00000e-01  7.50000e-01  1.69993e-01 
         0.0  2.50000e-01  7.50000e-01  1.00000e+00  1.69993e-01 
 2.50000e-01  5.00000e-01  7.50000e-01  1.00000e+00  1.69993e-01 
 5.00000e-01  7.50000e-01  5.00000e-01  7.50000e-01  1.69993e-01 
 7.50000e-01  1.00000e+00  5.00000e-01  7.50000e-01  1.69993e-01 
 5.00000e-01  7.50000e-01  7.50000e-01  1.00000e+00  1.69993e-01 
 7.50000e-01  1.00000e+00  7.50000e-01  1.00000e+00  1.69993e-01 
         0.0  2.50000e-01  1.00000e+00  1.25000e+00  2.36125e-01 
 2.50000e-01  5.00000e-01  1.00000e+00  1.25000e+00  2.36125e-01 
         0.0  2.50000e-01  1.25000e+00  1.50000e+00  2.36125e-01 
 2.50000e-01  5.00000e-01  1.25000e+00  1.50000e+00  2.36125e-01 
 5.00000e-01  7.50000e-01  1.00000e+00  1.25000e+00  2.36125e-01 
 7.50000e-01  1.00000e+00  1.00000e+00  1.25000e+00  2.36125e-01 
 5.00000e-01  7.50000e-01  1.25000e+00  1.50000e+00  2.36125e-01 
 7.50000e-01  1.00000e+00  1.25000e+00  1.50000e+00  2.36125e-01 
         0.0  2.50000e-01  1.50000e+00  1.75000e+00  2.36125e-01 
 2.50000e-01  5.00000e-01  1.50000e+00  1.75000e+00  2.36125e-01 
         0.0  2.50000e-01  1.75000e+00  2.00000e+00  2.36125e-01 
 2.50000e-01  5.00000e-01  1.75000e+00  2.00000e+00  2.36125e-01 
 5.00000e-01  7.50000e-01  1.50000e+00  1.75000e+00  2.36125e-01 
 7.50000e-01  1.00000e+00  1.50000e+00  1.75000e+00  2.36125e-01 
 5.00000e-01  7.50000e-01  1.75000e+00  2.00000e+00  2.36125e-01 
 7.50000e-01  1.00000e+00  1.75000e+00  2.00000e+00  2.36125e-01 
         0.0  2.50000e-01  2.00000e+00  2.25000e+00  2.14224e-01 
 2.50000e-01  5.00000e-01  2.00000e+00  2.25000e+00  2.14224e-01 
         0.0  2.50000e-01  2.25000e+00  2.50000e+00  2.14224e-01 
 2.50000e-01  5.00000e-01  2.25000e+00  2.50000e+00  2.14224e-01 
 5.00000e-01  7.50000e-01  2.00000e+00  2.25000e+00  2.14224e-01 
 7.50000e-01  1.00000e+00  2.00000e+00  2.25000e+00  2.14224e-01 
 5.00000e-01  7.50000e-01  2.25000e+00  2.50000e+00  2.14224e-01 
 7.50000e-01  1.00000e+00  2.25000e+00  2.50000e+00  2.14224e-01 
         0.0  2.50000e-01  2.50000e+00  2.75000e+00  2.14224e-01 
 2.50000e-01  5.00000e-01  2.50000e+00  2.75000e+00  2.14224e-01 
         0.0  2.50000e-01  2.75000e+00  3.00000e+00  2.14224e-01 
 2.50000e-01  5.00000e-01  2.75000e+00  3.00000e+00  2.14224e-01 
 5.00000e-01  7.50000e-01  2.50000e+00  2.75000e+00  2.14224e-01 
 7.50000e-01  1.00000e+00  2.50000e+00  2.75000e+00  2.14224e-01 
 5.00000e-01  7.50000e-01  2.75000e+00  3.00000e+00  2.14224e-01 
 7.50000e-01  1.00000e+00  2.75000e+00  3.00000e+00  2.14224e-01 
         0.0  2.50000e-01  3.00000e+00  3.25000e+00  1.88446e-01 
 2.50000e-01  5.00000e-01  3.00000e+00  3.25000e+00  1.88446e-01 
         0.0  2.50000e-01  3.25000e+00  3.50000e+00  1.88446e-01 
 2.50000e-01  5.00000e-01  3.25000e+00  3.50000e+00  1.88446e-01 
 5.00000e-01  7.50000e-01  3.00000e+00  3.25000e+00  1.88446e-01 
 7.50000e-01  1.00000e+00  3.00000e+00  3.25000e+00  1.88446e-01 
 5.00000e-01  7.50000e-01  3.25000e+00  3.50000e+00  1.88446e-01 
 7.50000e-01  1.00000e+00  3.25000e+00  3.50000e+00  1.88446e-01 
         0.0  2.50000e-01  3.50000e+00  3.75000e+00  1.88446e-01 
 2.50000e-01  5.00000e-01  3.50000e+00  3.75000e+00  1.88446e-01 
         0.0  2.50000e-01  3.75000e+00  4.00000e+00  1.88446e-01 
 2.50000e-01  5.00000e-01  3.75000e+00  4.00000e+00  1.88446e-01 
 5.00000e-01  7.50000e-01  3.50000e+00  3.75000e+00  1.88446e-01 
 7.50000e-01  1.00000e+00  3.50000e+00  3.75000e+00  1.88446e-01 
 5.00000e-01  7.50000e-01  3.75000e+00  4.00000e+00  1.88446e-01 
 7.50000e-01  1.00000e+00  3.75000e+00  4.00000e+00  1.88446e-01 
         0.0  2.50000e-01  4.00000e+00  4.25000e+00  2.13358e-01 
 2.50000e-01  5.00000e-01  4.00000e+00  4.25000e+00  2.13358e-01 
         0.0  2.50000e-01  4.25000e+00  4.50000e+00  2.13358e-01 
 2.50000e-01  5.00000e-01  4.25000e+00  4.50000e+00  2.13358e-01 
 5.00000e-01  7.50000e-01  4.00000e+00  4.25000e+00  2.13358e-01 
 7.50000e-01  1.00000e+00  4.00000e+00  4.25000e+00  2.13358e-01 
 5.00000e-01  7.50000e-01  4.25000e+00  4.50000e+00  2.13358e-01 
 7.50000e-01  1.00000e+00  4.25000e+00  4.50000e+00  2.13358e-01 
         0.0  2.50000e-01  4.50000e+00  4.75000e+00  2.13358e-01 
 2.50000e-01  5.00000e-01  4.50000e+00  4.75000e+00  2.13358e-01 
         0.0  2.50000e-01  4.75000e+00  5.00000e+00  2.13358e-01 
 2.50000e-01  5.00000e-01  4.75000e+00  5.00000e+00  2.13358e-01 
 5.00000e-01  7.50000e-01  4.50000e+00  4.75000e+00  2.13358e-01 
 7.50000e-01  1.00000e+00  4.50000e+00  4.75000e+00  2.13358e-01 
 5.00000e-01  7.50000e-01  4.75000e+00  5.00000e+00  2.13358e-01 
 7.50000e-01  1.00000e+00  4.75000e+00  5.00000e+00  2.13358e-01 
         0.0  2.50000e-01  5.00000e+00  5.25000e+00  2.89034e-01 
 2.50000e-01  5.00000e-01  5.00000e+00  5.25000e+00  2.89034e-01 
         0.0  2.50000e-01  5.25000e+00  5.50000e+00  2.89034e-01 
 2.50000e-01  5.00000e-01  5.25000e+00  5.50000e+00  2.89034e-01 
 5.00000e-01  7.50000e-01  5.00000e+00  5.25000e+00  2.89034e-01 
 7.50000e-01  1.00000e+00  5.00000e+00  5.25000e+00  2.89034e-01 
 5.00000e-01  7.50000e-01  5.25000e+00  5.50000e+00  2.89034e-01 
 7.50000e-01  1.00000e+00  5.25000e+00  5.50000e+00  2.89034e-01 
         0.0  2.50000e-01  5.50000e+00  5.75000e+00  2.89034e-01 
 2.50000e-01  5.00000e-01  5.50000e+00  5.75000e+00  2.89034e-01 
         0.0  2.50000e-01  5.75000e+00  6.00000e+00  2.89034e-01 
 2.50000e-01  5.00000e-01  5.75000e+00  6.00000e+00  2.89034e-01 
 5.00000e-01  7.50000e-01  5.50000e+00  5.75000e+00  2.89034e-01 
 7.50000e-01  1.00000e+00  5.50000e+00  5.75000e+00  2.89034e-01 
 5.00000e-01  7.50000e-01  5.75000e+00  6.00000e+00  2.89034e-01 
 7.50000e-01  1.00000e+00  5.75000e+00  6.00000e+00  2.89034e-01 
         0.0  2.50000e-01  6.00000e+00  6.25000e+00  2.15539e-01 
 2.50000e-01  5.00000e-01  6.00000e+00  6.25000e+00  2.15539e-01 
         0.0  2.50000e-01  6.25000e+00  6.50000e+00  2.15539e-01 
 2.50000e-01  5.00000e-01  6.25000e+00  6.50000e+00  2.15539e-01 
 5.00000e-01  7.50000e-01  6.00000e+00  6.25000e+00  2.15539e-01 
 7.50000e-01  1.00000e+00  6.00000e+00  6.25000e+00  2.15539e-01 
 5.00000e-01  7.50000e-01  6.25000e+00  6.50000e+00  2.15539e-01 
 7.50000e-01  1.00000e+00  6.25000e+00  6.50000e+00  2.15539e-01 
         0.0  2.50000e-01  6.50000e+00  6.75000e+00  2.15539e-01 
 2.50000e-01  5.00000e-01  6.50000e+00  6.75000e+00  2.15539e-01 
         0.0  2.50000e-01  6.75000e+00  7.00000e+00  2.15539e-01 
 2.50000e-01  5.00000e-01  6.75000e+00  7.00000e+00  2.15539e-01 
 5.00000e-01  7.50000e-01  6.50000e+00  6.75000e+00  2.15539e-01 
 7.50000e-01  1.00000e+00  6.50000e+00  6.75000e+00  2.15539e-01 
 5.00000e-01  7.50000e-01  6.75000e+00  7.00000e+00  2.15539e-01 
 7.50000e-01  1.00000e+00  6.75000e+00  7.00000e+00  2.15539e-01 
         0.0  2.50000e-01  7.00000e+00  7.25000e+00  2.17786e-01 
 2.50000e-01  5.00000e-01  7.00000e+00  7.25000e+00  2.17786e-01 
         0.0  2.50000e-01  7.25000e+00  7.50000e+00  2.17786e-01 
 2.50000e-01  5.00000e-01  7.25000e+00  7.50000e+00  2.17786e-01 
 5.00000e-01  7.50000e-01  7.00000e+00  7.25000e+00  2.17786e-01 
 7.50000e-01  1.00000e+00  7.00000e+00  7.25000e+00  2.17786e-01 
 5.00000e-01  7.50000e-01  7.25000e+00  7.50000e+00  2.17786e-01 
 7.50000e-01  1.00000e+00  7.25000e+00  7.50000e+00  2.17786e-01 
         0.0  2.50000e-01  7.50000e+00  7.75000e+00  2.17786e-01 
 2.50000e-01  5.00000e-01  7.50000e+00  7.75000e+00  2.17786e-01 
         0.0  2.50000e-01  7.75000e+00  8.00000e+00  2.17786e-01 
 2.50000e-01  5.00000e-01  7.75000e+00  8.00000e+00  2.17786e-01 
 5.00000e-01  7.50000e-01  7.50000e+00  7.75000e+00  2.17786e-01 
 7.50000e-01  1.00000e+00  7.50000e+00  7.75000e+00  2.17786e-01 
 5.00000e-01  7.50000e-01  7.75000e+00  8.00000e+00  2.17786e-01 
 7.50000e-01  1.00000e+00  7.75000e+00  8.00000e+00  2.17786e-01 
         0.0  2.50000e-01  8.00000e+00  8.25000e+00  2.01125e-01 
 2.50000e-01  5.00000e-01  8.00000e+00  8.25000e+00  2.01125e-01 
         0.0  2.50000e-01  8.25000e+00  8.50000e+00  2.01125e-01 
 2.50000e-01  5.00000e-01  8.25000e+00  8.50000e+00  2.01125e-01 
 5.00000e-01  7.50000e-01  8.00000e+00  8.25000e+00  2.01125e-01 
 7.50000e-01  1.00000e+00  8.00000e+00  8.25000e+00  2.01125e-01 
 5.00000e-01  7.50000e-01  8.25000e+00  8.50000e+00  2.01125e-01 
 7.50000e-01  1.00000e+00  8.25000e+00  8.50000e+00  2.01125e-01 
         0.0  2.50000e-01  8.50000e+00  8.75000e+00  2.01125e-01 
 2.50000e-01  5.00000e-01  8.50000e+00  8.75000e+00  2.01125e-01 
         0.0  2.50000e-01  8.75000e+00  9.00000e+00  2.01125e-01 
 2.50000e-01  5.00000e-01  8.75000e+00  9.00000e+00  2.01125e-01 
 5.00000e-01  7.50000e-01  8.50000e+00  8.75000e+00  2.01125e-01 
 7.50000e-01  1.00000e+00  8.50000e+00  8.75000e+00  2.01125e-01 
 5.00000e-01  7.50000e-01  8.75000e+00  9.00000e+00  2.01125e-01 
 7.50000e-01  1.00000e+00  8.75000e+00  9.00000e+00  2.01125e-01 
         0.0  2.50000e-01  9.00000e+00  9.25000e+00  2.10077e-01 
 2.50000e-01  5.00000e-01  9.00000e+00  9.25000e+00  2.10077e-01 
         0.0  2.50000e-01  9.25000e+00  9.50000e+00  2.10077e-01 
 2.50000e-01  5.00000e-01  9.25000e+00  9.50000e+00  2.10077e-01 
 5.00000e-01  7.50000e-01  9.00000e+00  9.25000e+00  2.10077e-01 
 7.50000e-01  1.00000e+00  9.00000e+00  9.25000e+00  2.10077e-01 
 5.00000e-01  7.50000e-01  9.25000e+00  9.50000e+00  2.10077e-01 
 7.50000e-01  1.00000e+00  9.25000e+00  9.50000e+00  2.10077e-01 
         0.0  2.50000e-01  9.50000e+00  9.75000e+00  2.10077e-01 
 2.50000e-01  5.00000e-01  9.50000e+00  9.75000e+00  2.10077e-01 
         0.0  2.50000e-01  9.75000e+00  1.00000e+01  2.10077e-01 
 2.50000e-01  5.00000e-01  9.75000e+00  1.00000e+01  2.10077e-01 
 5.00000e-01  7.50000e-01  9.50000e+00  9.75000e+00  2.10077e-01 
 7.50000e-01  1.00000e+00  9.50000e+00  9.75000e+00  2.10077e-01 
 5.00000e-01  7.50000e-01  9.75000e+00  1.00000e+01  2.10077e-01 
 7.50000e-01  1.00000e+00  9.75000e+00  1.00000e+01  2.10077e-01 
