(0,0) 3.22596
(0,1) 1.02621
(0,2) 1.00977
(0,3) 0.194444
(0,4) -0.166667
(0,5) 0
(0,6) -0.0833333
(0,7) 0
(0,8) -0.166667
(0,9) -0.0833333
(0,10) 0
(0,11) 0
(1,0) 0.359547
(1,1) 2.72647
(1,2) -0.138889
(1,3) 0.708108
(1,4) -0.623621
(1,5) -0.166667
(1,6) -0.319219
(1,7) -0.0833333
(1,8) -0.0833333
(1,9) -0.166667
(1,10) 0
(1,11) 0
(2,0) 0.343104
(2,1) -0.138889
(2,2) 2.76426
(2,3) 0.742759
(2,4) -0.0833333
(2,5) 0
(2,6) -0.166667
(2,7) 0
(2,8) -0.726906
(2,9) -0.35387
(2,10) -0.166667
(2,11) -0.0833333
(3,0) -0.472222
(3,1) 0.0414412
(3,2) 0.0760922
(3,3) 2.11961
(3,4) -0.319219
(3,5) -0.0833333
(3,6) -0.653255
(3,7) -0.166667
(3,8) -0.35387
(3,9) -0.688574
(3,10) -0.0833333
(3,11) -0.166667
(4,0) -0.166667
(4,1) -0.623621
(4,2) -0.0833333
(4,3) -0.319219
(4,4) 2.89874
(4,5) 0.571798
(4,6) 0.708108
(4,7) -0.138889
(4,12) -0.166667
(4,13) -0.0833333
(4,14) 0
(4,15) 0
(5,0) 0
(5,1) -0.166667
(5,2) 0
(5,3) -0.0833333
(5,4) 1.23847
(5,5) 5.24627
(5,6) 0.194444
(5,7) 1.85658
(5,12) -0.0833333
(5,13) -0.166667
(5,14) 0
(5,15) 0
(6,0) -0.0833333
(6,1) -0.319219
(6,2) -0.166667
(6,3) -0.653255
(6,4) 0.0414412
(6,5) -0.472222
(6,6) 2.08258
(6,7) 0.0404032
(6,12) -0.65155
(6,13) -0.318181
(6,14) -0.166667
(6,15) -0.0833333
(7,0) 0
(7,1) -0.0833333
(7,2) 0
(7,3) -0.166667
(7,4) -0.138889
(7,5) 1.18991
(7,6) 0.70707
(7,7) 4.70219
(7,12) -0.318181
(7,13) -0.621174
(7,14) -0.0833333
(7,15) -0.166667
(8,0) -0.166667
(8,1) -0.0833333
(8,2) -0.726906
(8,3) -0.35387
(8,8) 3.04867
(8,9) 0.742759
(8,10) 0.632047
(8,11) -0.138889
(8,12) -0.166667
(8,13) 0
(8,14) -0.0833333
(8,15) 0
(9,0) -0.0833333
(9,1) -0.166667
(9,2) -0.35387
(9,3) -0.688574
(9,8) 0.0760922
(9,9) 2.17888
(9,10) -0.472222
(9,11) 0.10072
(9,12) -0.71253
(9,13) -0.166667
(9,14) -0.378498
(9,15) -0.0833333
(10,0) 0
(10,1) 0
(10,2) -0.166667
(10,3) -0.0833333
(10,8) 1.29871
(10,9) 0.194444
(10,10) 5.57583
(10,11) 1.90091
(10,12) -0.0833333
(10,13) 0
(10,14) -0.166667
(10,15) 0
(11,0) 0
(11,1) 0
(11,2) -0.0833333
(11,3) -0.166667
(11,8) -0.138889
(11,9) 0.767387
(11,10) 1.23425
(11,11) 4.9246
(11,12) -0.378498
(11,13) -0.0833333
(11,14) -0.801462
(11,15) -0.166667
(12,4) -0.166667
(12,5) -0.0833333
(12,6) -0.65155
(12,7) -0.318181
(12,8) -0.166667
(12,9) -0.71253
(12,10) -0.0833333
(12,11) -0.378498
(12,12) 2.14186
(12,13) 0.0404032
(12,14) 0.10072
(12,15) -0.472222
(13,4) -0.0833333
(13,5) -0.166667
(13,6) -0.318181
(13,7) -0.621174
(13,8) 0
(13,9) -0.166667
(13,10) 0
(13,11) -0.0833333
(13,12) 0.70707
(13,13) 5.38968
(13,14) -0.138889
(13,15) 1.96638
(14,4) 0
(14,5) 0
(14,6) -0.166667
(14,7) -0.0833333
(14,8) -0.0833333
(14,9) -0.378498
(14,10) -0.166667
(14,11) -0.801462
(14,12) 0.767387
(14,13) -0.138889
(14,14) 5.59069
(14,15) 1.9713
(15,4) 0
(15,5) 0
(15,6) -0.0833333
(15,7) -0.166667
(15,8) 0
(15,9) -0.0833333
(15,10) 0
(15,11) -0.166667
(15,12) 0.194444
(15,13) 2.63305
(15,14) 2.63797
(15,15) 10.7485
