         0.0  1.00000e+00          0.0  1.00000e+00          0.0  1.00000e+00  1.69993e-01 
         0.0  1.00000e+00  1.00000e+00  2.00000e+00          0.0  1.00000e+00  1.77742e-01 
         0.0  1.00000e+00  2.00000e+00  3.00000e+00          0.0  1.00000e+00  1.75602e-01 
         0.0  1.00000e+00  3.00000e+00  4.00000e+00          0.0  1.00000e+00  1.81988e-01 
         0.0  1.00000e+00  4.00000e+00  5.00000e+00          0.0  1.00000e+00  2.36125e-01 
         0.0  1.00000e+00  5.00000e+00  6.00000e+00          0.0  1.00000e+00  2.19160e-01 
         0.0  1.00000e+00  6.00000e+00  7.00000e+00          0.0  1.00000e+00  2.14773e-01 
         0.0  1.00000e+00  7.00000e+00  8.00000e+00          0.0  1.00000e+00  1.96837e-01 
         0.0  1.00000e+00  8.00000e+00  9.00000e+00          0.0  1.00000e+00  2.14224e-01 
         0.0  1.00000e+00  9.00000e+00  1.00000e+01          0.0  1.00000e+00  2.22550e-01 
         0.0  1.00000e+00          0.0  1.00000e+00  1.00000e+00  2.00000e+00  1.55033e-01 
         0.0  1.00000e+00  1.00000e+00  2.00000e+00  1.00000e+00  2.00000e+00  1.58643e-01 
         0.0  1.00000e+00  2.00000e+00  3.00000e+00  1.00000e+00  2.00000e+00  1.88446e-01 
         0.0  1.00000e+00  3.00000e+00  4.00000e+00  1.00000e+00  2.00000e+00  1.97076e-01 
         0.0  1.00000e+00  4.00000e+00  5.00000e+00  1.00000e+00  2.00000e+00  1.81707e-01 
         0.0  1.00000e+00  5.00000e+00  6.00000e+00  1.00000e+00  2.00000e+00  1.87920e-01 
         0.0  1.00000e+00  6.00000e+00  7.00000e+00  1.00000e+00  2.00000e+00  2.13358e-01 
         0.0  1.00000e+00  7.00000e+00  8.00000e+00  1.00000e+00  2.00000e+00  2.15893e-01 
         0.0  1.00000e+00  8.00000e+00  9.00000e+00  1.00000e+00  2.00000e+00  1.59393e-01 
         0.0  1.00000e+00  9.00000e+00  1.00000e+01  1.00000e+00  2.00000e+00  1.55498e-01 
         0.0  1.00000e+00          0.0  1.00000e+00  2.00000e+00  3.00000e+00  1.89034e-01 
         0.0  1.00000e+00  1.00000e+00  2.00000e+00  2.00000e+00  3.00000e+00  1.82999e-01 
         0.0  1.00000e+00  2.00000e+00  3.00000e+00  2.00000e+00  3.00000e+00  1.52958e-01 
         0.0  1.00000e+00  3.00000e+00  4.00000e+00  2.00000e+00  3.00000e+00  1.60803e-01 
         0.0  1.00000e+00  4.00000e+00  5.00000e+00  2.00000e+00  3.00000e+00  2.15539e-01 
         0.0  1.00000e+00  5.00000e+00  6.00000e+00  2.00000e+00  3.00000e+00  1.81801e-01 
         0.0  1.00000e+00  6.00000e+00  7.00000e+00  2.00000e+00  3.00000e+00  2.37783e-01 
         0.0  1.00000e+00  7.00000e+00  8.00000e+00  2.00000e+00  3.00000e+00  1.51652e-01 
         0.0  1.00000e+00  8.00000e+00  9.00000e+00  2.00000e+00  3.00000e+00  2.17786e-01 
         0.0  1.00000e+00  9.00000e+00  1.00000e+01  2.00000e+00  3.00000e+00  1.85449e-01 
         0.0  1.00000e+00          0.0  1.00000e+00  3.00000e+00  4.00000e+00  1.58438e-01 
         0.0  1.00000e+00  1.00000e+00  2.00000e+00  3.00000e+00  4.00000e+00  1.69978e-01 
         0.0  1.00000e+00  2.00000e+00  3.00000e+00  3.00000e+00  4.00000e+00  2.01125e-01 
         0.0  1.00000e+00  3.00000e+00  4.00000e+00  3.00000e+00  4.00000e+00  2.48309e-01 
         0.0  1.00000e+00  4.00000e+00  5.00000e+00  3.00000e+00  4.00000e+00  2.34443e-01 
         0.0  1.00000e+00  5.00000e+00  6.00000e+00  3.00000e+00  4.00000e+00  1.91027e-01 
         0.0  1.00000e+00  6.00000e+00  7.00000e+00  3.00000e+00  4.00000e+00  2.10077e-01 
         0.0  1.00000e+00  7.00000e+00  8.00000e+00  3.00000e+00  4.00000e+00  1.95918e-01 
         0.0  1.00000e+00  8.00000e+00  9.00000e+00  3.00000e+00  4.00000e+00  1.77671e-01 
         0.0  1.00000e+00  9.00000e+00  1.00000e+01  3.00000e+00  4.00000e+00  1.88021e-01 
         0.0  1.00000e+00          0.0  1.00000e+00  4.00000e+00  5.00000e+00  2.34632e-01 
         0.0  1.00000e+00  1.00000e+00  2.00000e+00  4.00000e+00  5.00000e+00  1.74352e-01 
         0.0  1.00000e+00  2.00000e+00  3.00000e+00  4.00000e+00  5.00000e+00  2.31578e-01 
         0.0  1.00000e+00  3.00000e+00  4.00000e+00  4.00000e+00  5.00000e+00  2.39689e-01 
         0.0  1.00000e+00  4.00000e+00  5.00000e+00  4.00000e+00  5.00000e+00  2.14232e-01 
         0.0  1.00000e+00  5.00000e+00  6.00000e+00  4.00000e+00  5.00000e+00  1.58563e-01 
         0.0  1.00000e+00  6.00000e+00  7.00000e+00  4.00000e+00  5.00000e+00  2.38959e-01 
         0.0  1.00000e+00  7.00000e+00  8.00000e+00  4.00000e+00  5.00000e+00  2.39622e-01 
         0.0  1.00000e+00  8.00000e+00  9.00000e+00  4.00000e+00  5.00000e+00  1.86321e-01 
         0.0  1.00000e+00  9.00000e+00  1.00000e+01  4.00000e+00  5.00000e+00  1.97228e-01 
         0.0  1.00000e+00          0.0  1.00000e+00  5.00000e+00  6.00000e+00  2.04696e-01 
         0.0  1.00000e+00  1.00000e+00  2.00000e+00  5.00000e+00  6.00000e+00  2.16428e-01 
         0.0  1.00000e+00  2.00000e+00  3.00000e+00  5.00000e+00  6.00000e+00  1.59902e-01 
         0.0  1.00000e+00  3.00000e+00  4.00000e+00  5.00000e+00  6.00000e+00  2.45742e-01 
         0.0  1.00000e+00  4.00000e+00  5.00000e+00  5.00000e+00  6.00000e+00  1.89361e-01 
         0.0  1.00000e+00  5.00000e+00  6.00000e+00  5.00000e+00  6.00000e+00  1.60604e-01 
         0.0  1.00000e+00  6.00000e+00  7.00000e+00  5.00000e+00  6.00000e+00  2.36888e-01 
         0.0  1.00000e+00  7.00000e+00  8.00000e+00  5.00000e+00  6.00000e+00  2.08271e-01 
         0.0  1.00000e+00  8.00000e+00  9.00000e+00  5.00000e+00  6.00000e+00  2.42689e-01 
         0.0  1.00000e+00  9.00000e+00  1.00000e+01  5.00000e+00  6.00000e+00  1.50523e-01 
         0.0  1.00000e+00          0.0  1.00000e+00  6.00000e+00  7.00000e+00  2.07946e-01 
         0.0  1.00000e+00  1.00000e+00  2.00000e+00  6.00000e+00  7.00000e+00  2.33319e-01 
         0.0  1.00000e+00  2.00000e+00  3.00000e+00  6.00000e+00  7.00000e+00  1.92113e-01 
         0.0  1.00000e+00  3.00000e+00  4.00000e+00  6.00000e+00  7.00000e+00  1.70771e-01 
         0.0  1.00000e+00  4.00000e+00  5.00000e+00  6.00000e+00  7.00000e+00  2.44090e-01 
         0.0  1.00000e+00  5.00000e+00  6.00000e+00  6.00000e+00  7.00000e+00  2.26841e-01 
         0.0  1.00000e+00  6.00000e+00  7.00000e+00  6.00000e+00  7.00000e+00  2.37121e-01 
         0.0  1.00000e+00  7.00000e+00  8.00000e+00  6.00000e+00  7.00000e+00  2.07133e-01 
         0.0  1.00000e+00  8.00000e+00  9.00000e+00  6.00000e+00  7.00000e+00  1.77926e-01 
         0.0  1.00000e+00  9.00000e+00  1.00000e+01  6.00000e+00  7.00000e+00  2.15880e-01 
         0.0  1.00000e+00          0.0  1.00000e+00  7.00000e+00  8.00000e+00  2.20016e-01 
         0.0  1.00000e+00  1.00000e+00  2.00000e+00  7.00000e+00  8.00000e+00  1.80256e-01 
         0.0  1.00000e+00  2.00000e+00  3.00000e+00  7.00000e+00  8.00000e+00  1.96325e-01 
         0.0  1.00000e+00  3.00000e+00  4.00000e+00  7.00000e+00  8.00000e+00  1.87717e-01 
         0.0  1.00000e+00  4.00000e+00  5.00000e+00  7.00000e+00  8.00000e+00  2.01804e-01 
         0.0  1.00000e+00  5.00000e+00  6.00000e+00  7.00000e+00  8.00000e+00  1.61632e-01 
         0.0  1.00000e+00  6.00000e+00  7.00000e+00  7.00000e+00  8.00000e+00  2.12030e-01 
         0.0  1.00000e+00  7.00000e+00  8.00000e+00  7.00000e+00  8.00000e+00  2.25850e-01 
         0.0  1.00000e+00  8.00000e+00  9.00000e+00  7.00000e+00  8.00000e+00  2.32271e-01 
         0.0  1.00000e+00  9.00000e+00  1.00000e+01  7.00000e+00  8.00000e+00  1.78027e-01 
         0.0  1.00000e+00          0.0  1.00000e+00  8.00000e+00  9.00000e+00  1.50860e-01 
         0.0  1.00000e+00  1.00000e+00  2.00000e+00  8.00000e+00  9.00000e+00  1.67729e-01 
         0.0  1.00000e+00  2.00000e+00  3.00000e+00  8.00000e+00  9.00000e+00  2.41484e-01 
         0.0  1.00000e+00  3.00000e+00  4.00000e+00  8.00000e+00  9.00000e+00  1.98671e-01 
         0.0  1.00000e+00  4.00000e+00  5.00000e+00  8.00000e+00  9.00000e+00  1.54535e-01 
         0.0  1.00000e+00  5.00000e+00  6.00000e+00  8.00000e+00  9.00000e+00  2.30623e-01 
         0.0  1.00000e+00  6.00000e+00  7.00000e+00  8.00000e+00  9.00000e+00  1.83728e-01 
         0.0  1.00000e+00  7.00000e+00  8.00000e+00  8.00000e+00  9.00000e+00  1.81880e-01 
         0.0  1.00000e+00  8.00000e+00  9.00000e+00  8.00000e+00  9.00000e+00  1.74674e-01 
         0.0  1.00000e+00  9.00000e+00  1.00000e+01  8.00000e+00  9.00000e+00  1.95970e-01 
         0.0  1.00000e+00          0.0  1.00000e+00  9.00000e+00  1.00000e+01  1.64770e-01 
         0.0  1.00000e+00  1.00000e+00  2.00000e+00  9.00000e+00  1.00000e+01  2.42650e-01 
         0.0  1.00000e+00  2.00000e+00  3.00000e+00  9.00000e+00  1.00000e+01  2.46747e-01 
         0.0  1.00000e+00  3.00000e+00  4.00000e+00  9.00000e+00  1.00000e+01  1.57829e-01 
         0.0  1.00000e+00  4.00000e+00  5.00000e+00  9.00000e+00  1.00000e+01  2.44338e-01 
         0.0  1.00000e+00  5.00000e+00  6.00000e+00  9.00000e+00  1.00000e+01  1.74096e-01 
         0.0  1.00000e+00  6.00000e+00  7.00000e+00  9.00000e+00  1.00000e+01  1.81394e-01 
         0.0  1.00000e+00  7.00000e+00  8.00000e+00  9.00000e+00  1.00000e+01  1.61796e-01 
         0.0  1.00000e+00  8.00000e+00  9.00000e+00  9.00000e+00  1.00000e+01  2.45985e-01 
         0.0  1.00000e+00  9.00000e+00  1.00000e+01  9.00000e+00  1.00000e+01  2.10937e-01 
